# Columns are as follows: sample_1 sample_2 distance
1013071302 1013071422 1
1013071302 1018445771 46
1013071302 1018445871 52
1013071302 436409269 43
1013071302 436409329 43
1013071302 436409349 50
1013071302 436409369 50
1013071302 436409419 45
1013071302 436409429 52
1013071302 436409439 41
1013071302 667852635 1
1013071302 674810554 1
1013071302 685509613 542
1013071302 760241947 1
1013071302 760241994 1
1013071302 760242017 1
1013071302 760242040 2
1013071302 760242166 1
1013071302 760242333 1
1013071302 760242399 2
1013071302 760242444 3
1013071302 760242670 2
1013071302 760242890 1
1013071302 760242914 1
1013071302 760242938 1
1013071302 760243319 3
1013071302 760243417 2
1013071302 760243527 2
1013071302 760243587 2
1013071302 807051501 57
1013071302 807051581 18
1013071302 807051831 1
1013071302 807051851 1
1013071302 807052171 1
1013071302 807052191 1
1013071302 807052210 2
1013071302 807052380 4
1013071302 807052420 1
1013071302 807052770 1
1013071302 807052820 1
1013071302 820743455 1
1013071302 820743465 2
1013071302 820743515 113
1013071302 820905197 1
1013071302 820905217 2
1013071302 820905567 2
1013071302 820905747 33
1013071302 820905767 1
1013071302 820905977 1
1013071302 824038961 525
1013071302 824038987 525
1013071302 824039126 525
1013071302 824039260 525
1013071302 824039471 525
1013071302 824039484 525
1013071302 824039761 525
1013071302 824039851 547
1013071302 824039875 545
1013071302 824040039 526
1013071302 824040125 525
1013071302 824040515 525
1013071302 824040951 526
1013071302 930626766 72
1013071302 930626866 91
1013071302 930626886 23
1013071302 930626996 1
1013071302 930627026 1
1013071302 930627036 2
1013071302 930627176 2
1013071302 930627196 2
1013071302 930627486 1
1013071302 930627496 3
1013071302 930627616 65
1013071302 930627746 3
1013071302 930627836 13
1013071302 936423854 1
1013071302 949601179 2
1013071302 968561617 1
1013071302 979517098 1
1013071422 1018445771 45
1013071422 1018445871 51
1013071422 436409269 42
1013071422 436409329 42
1013071422 436409349 49
1013071422 436409369 49
1013071422 436409419 44
1013071422 436409429 51
1013071422 436409439 40
1013071422 667852635 0
1013071422 674810554 0
1013071422 685509613 541
1013071422 760241947 0
1013071422 760241994 0
1013071422 760242017 0
1013071422 760242040 1
1013071422 760242166 0
1013071422 760242333 0
1013071422 760242399 1
1013071422 760242444 2
1013071422 760242670 1
1013071422 760242890 0
1013071422 760242914 0
1013071422 760242938 0
1013071422 760243319 2
1013071422 760243417 1
1013071422 760243527 1
1013071422 760243587 1
1013071422 807051501 56
1013071422 807051581 17
1013071422 807051831 0
1013071422 807051851 0
1013071422 807052171 0
1013071422 807052191 0
1013071422 807052210 1
1013071422 807052380 3
1013071422 807052420 0
1013071422 807052770 0
1013071422 807052820 0
1013071422 820743455 0
1013071422 820743465 1
1013071422 820743515 113
1013071422 820905197 0
1013071422 820905217 1
1013071422 820905567 1
1013071422 820905747 32
1013071422 820905767 0
1013071422 820905977 0
1013071422 824038961 524
1013071422 824038987 524
1013071422 824039126 524
1013071422 824039260 524
1013071422 824039471 524
1013071422 824039484 524
1013071422 824039761 524
1013071422 824039851 546
1013071422 824039875 544
1013071422 824040039 525
1013071422 824040125 524
1013071422 824040515 524
1013071422 824040951 525
1013071422 930626766 71
1013071422 930626866 90
1013071422 930626886 22
1013071422 930626996 0
1013071422 930627026 0
1013071422 930627036 1
1013071422 930627176 1
1013071422 930627196 1
1013071422 930627486 0
1013071422 930627496 2
1013071422 930627616 64
1013071422 930627746 2
1013071422 930627836 12
1013071422 936423854 0
1013071422 949601179 1
1013071422 968561617 0
1013071422 979517098 0
1018445771 1018445871 96
1018445771 436409269 87
1018445771 436409329 87
1018445771 436409349 94
1018445771 436409369 94
1018445771 436409419 89
1018445771 436409429 95
1018445771 436409439 84
1018445771 667852635 45
1018445771 674810554 45
1018445771 685509613 541
1018445771 760241947 45
1018445771 760241994 45
1018445771 760242017 45
1018445771 760242040 46
1018445771 760242166 45
1018445771 760242333 45
1018445771 760242399 46
1018445771 760242444 47
1018445771 760242670 46
1018445771 760242890 45
1018445771 760242914 45
1018445771 760242938 45
1018445771 760243319 47
1018445771 760243417 46
1018445771 760243527 46
1018445771 760243587 46
1018445771 807051501 17
1018445771 807051581 30
1018445771 807051831 45
1018445771 807051851 45
1018445771 807052171 45
1018445771 807052191 45
1018445771 807052210 46
1018445771 807052380 48
1018445771 807052420 45
1018445771 807052770 45
1018445771 807052820 45
1018445771 820743455 45
1018445771 820743465 46
1018445771 820743515 158
1018445771 820905197 45
1018445771 820905217 46
1018445771 820905567 46
1018445771 820905747 13
1018445771 820905767 45
1018445771 820905977 45
1018445771 824038961 524
1018445771 824038987 524
1018445771 824039126 524
1018445771 824039260 524
1018445771 824039471 524
1018445771 824039484 524
1018445771 824039761 524
1018445771 824039851 546
1018445771 824039875 544
1018445771 824040039 525
1018445771 824040125 524
1018445771 824040515 524
1018445771 824040951 525
1018445771 930626766 116
1018445771 930626866 51
1018445771 930626886 67
1018445771 930626996 45
1018445771 930627026 45
1018445771 930627036 46
1018445771 930627176 46
1018445771 930627196 46
1018445771 930627486 45
1018445771 930627496 47
1018445771 930627616 109
1018445771 930627746 45
1018445771 930627836 57
1018445771 936423854 45
1018445771 949601179 46
1018445771 968561617 45
1018445771 979517098 45
1018445871 436409269 90
1018445871 436409329 90
1018445871 436409349 99
1018445871 436409369 99
1018445871 436409419 94
1018445871 436409429 100
1018445871 436409439 88
1018445871 667852635 51
1018445871 674810554 51
1018445871 685509613 541
1018445871 760241947 51
1018445871 760241994 51
1018445871 760242017 51
1018445871 760242040 52
1018445871 760242166 51
1018445871 760242333 51
1018445871 760242399 52
1018445871 760242444 53
1018445871 760242670 52
1018445871 760242890 51
1018445871 760242914 51
1018445871 760242938 51
1018445871 760243319 53
1018445871 760243417 52
1018445871 760243527 52
1018445871 760243587 52
1018445871 807051501 107
1018445871 807051581 68
1018445871 807051831 51
1018445871 807051851 51
1018445871 807052171 51
1018445871 807052191 51
1018445871 807052210 52
1018445871 807052380 54
1018445871 807052420 51
1018445871 807052770 51
1018445871 807052820 51
1018445871 820743455 51
1018445871 820743465 52
1018445871 820743515 164
1018445871 820905197 51
1018445871 820905217 52
1018445871 820905567 52
1018445871 820905747 83
1018445871 820905767 51
1018445871 820905977 51
1018445871 824038961 524
1018445871 824038987 524
1018445871 824039126 524
1018445871 824039260 524
1018445871 824039471 524
1018445871 824039484 524
1018445871 824039761 524
1018445871 824039851 546
1018445871 824039875 544
1018445871 824040039 525
1018445871 824040125 524
1018445871 824040515 524
1018445871 824040951 525
1018445871 930626766 122
1018445871 930626866 141
1018445871 930626886 73
1018445871 930626996 51
1018445871 930627026 51
1018445871 930627036 52
1018445871 930627176 52
1018445871 930627196 52
1018445871 930627486 51
1018445871 930627496 53
1018445871 930627616 115
1018445871 930627746 53
1018445871 930627836 56
1018445871 936423854 51
1018445871 949601179 52
1018445871 968561617 51
1018445871 979517098 51
436409269 436409329 0
436409269 436409349 42
436409269 436409369 42
436409269 436409419 39
436409269 436409429 41
436409269 436409439 35
436409269 667852635 42
436409269 674810554 42
436409269 685509613 541
436409269 760241947 42
436409269 760241994 42
436409269 760242017 42
436409269 760242040 43
436409269 760242166 42
436409269 760242333 42
436409269 760242399 43
436409269 760242444 44
436409269 760242670 43
436409269 760242890 42
436409269 760242914 42
436409269 760242938 42
436409269 760243319 44
436409269 760243417 43
436409269 760243527 43
436409269 760243587 43
436409269 807051501 97
436409269 807051581 59
436409269 807051831 42
436409269 807051851 42
436409269 807052171 42
436409269 807052191 42
436409269 807052210 43
436409269 807052380 45
436409269 807052420 42
436409269 807052770 42
436409269 807052820 42
436409269 820743455 42
436409269 820743465 41
436409269 820743515 155
436409269 820905197 42
436409269 820905217 43
436409269 820905567 43
436409269 820905747 74
436409269 820905767 42
436409269 820905977 42
436409269 824038961 537
436409269 824038987 537
436409269 824039126 537
436409269 824039260 537
436409269 824039471 537
436409269 824039484 537
436409269 824039761 537
436409269 824039851 559
436409269 824039875 557
436409269 824040039 538
436409269 824040125 537
436409269 824040515 537
436409269 824040951 538
436409269 930626766 111
436409269 930626866 131
436409269 930626886 63
436409269 930626996 42
436409269 930627026 42
436409269 930627036 43
436409269 930627176 43
436409269 930627196 43
436409269 930627486 42
436409269 930627496 44
436409269 930627616 103
436409269 930627746 44
436409269 930627836 54
436409269 936423854 42
436409269 949601179 43
436409269 968561617 42
436409269 979517098 42
436409329 436409349 42
436409329 436409369 42
436409329 436409419 39
436409329 436409429 41
436409329 436409439 35
436409329 667852635 42
436409329 674810554 42
436409329 685509613 541
436409329 760241947 42
436409329 760241994 42
436409329 760242017 42
436409329 760242040 43
436409329 760242166 42
436409329 760242333 42
436409329 760242399 43
436409329 760242444 44
436409329 760242670 43
436409329 760242890 42
436409329 760242914 42
436409329 760242938 42
436409329 760243319 44
436409329 760243417 43
436409329 760243527 43
436409329 760243587 43
436409329 807051501 97
436409329 807051581 59
436409329 807051831 42
436409329 807051851 42
436409329 807052171 42
436409329 807052191 42
436409329 807052210 43
436409329 807052380 45
436409329 807052420 42
436409329 807052770 42
436409329 807052820 42
436409329 820743455 42
436409329 820743465 41
436409329 820743515 155
436409329 820905197 42
436409329 820905217 43
436409329 820905567 43
436409329 820905747 74
436409329 820905767 42
436409329 820905977 42
436409329 824038961 537
436409329 824038987 537
436409329 824039126 537
436409329 824039260 537
436409329 824039471 537
436409329 824039484 537
436409329 824039761 537
436409329 824039851 559
436409329 824039875 557
436409329 824040039 538
436409329 824040125 537
436409329 824040515 537
436409329 824040951 538
436409329 930626766 111
436409329 930626866 131
436409329 930626886 63
436409329 930626996 42
436409329 930627026 42
436409329 930627036 43
436409329 930627176 43
436409329 930627196 43
436409329 930627486 42
436409329 930627496 44
436409329 930627616 103
436409329 930627746 44
436409329 930627836 54
436409329 936423854 42
436409329 949601179 43
436409329 968561617 42
436409329 979517098 42
436409349 436409369 4
436409349 436409419 17
436409349 436409429 46
436409349 436409439 27
436409349 667852635 49
436409349 674810554 49
436409349 685509613 531
436409349 760241947 49
436409349 760241994 49
436409349 760242017 49
436409349 760242040 50
436409349 760242166 49
436409349 760242333 49
436409349 760242399 50
436409349 760242444 51
436409349 760242670 50
436409349 760242890 49
436409349 760242914 49
436409349 760242938 49
436409349 760243319 51
436409349 760243417 50
436409349 760243527 50
436409349 760243587 50
436409349 807051501 104
436409349 807051581 66
436409349 807051831 49
436409349 807051851 49
436409349 807052171 49
436409349 807052191 49
436409349 807052210 50
436409349 807052380 52
436409349 807052420 49
436409349 807052770 49
436409349 807052820 49
436409349 820743455 49
436409349 820743465 48
436409349 820743515 159
436409349 820905197 49
436409349 820905217 50
436409349 820905567 50
436409349 820905747 81
436409349 820905767 49
436409349 820905977 49
436409349 824038961 543
436409349 824038987 543
436409349 824039126 543
436409349 824039260 543
436409349 824039471 543
436409349 824039484 543
436409349 824039761 543
436409349 824039851 564
436409349 824039875 563
436409349 824040039 544
436409349 824040125 543
436409349 824040515 543
436409349 824040951 544
436409349 930626766 118
436409349 930626866 138
436409349 930626886 71
436409349 930626996 49
436409349 930627026 49
436409349 930627036 50
436409349 930627176 50
436409349 930627196 50
436409349 930627486 49
436409349 930627496 51
436409349 930627616 112
436409349 930627746 51
436409349 930627836 61
436409349 936423854 49
436409349 949601179 50
436409349 968561617 49
436409349 979517098 49
436409369 436409419 17
436409369 436409429 46
436409369 436409439 27
436409369 667852635 49
436409369 674810554 49
436409369 685509613 532
436409369 760241947 49
436409369 760241994 49
436409369 760242017 49
436409369 760242040 50
436409369 760242166 49
436409369 760242333 49
436409369 760242399 50
436409369 760242444 51
436409369 760242670 50
436409369 760242890 49
436409369 760242914 49
436409369 760242938 49
436409369 760243319 51
436409369 760243417 50
436409369 760243527 50
436409369 760243587 50
436409369 807051501 104
436409369 807051581 66
436409369 807051831 49
436409369 807051851 49
436409369 807052171 49
436409369 807052191 49
436409369 807052210 50
436409369 807052380 52
436409369 807052420 49
436409369 807052770 49
436409369 807052820 49
436409369 820743455 49
436409369 820743465 48
436409369 820743515 159
436409369 820905197 49
436409369 820905217 50
436409369 820905567 50
436409369 820905747 81
436409369 820905767 49
436409369 820905977 49
436409369 824038961 544
436409369 824038987 544
436409369 824039126 544
436409369 824039260 544
436409369 824039471 544
436409369 824039484 544
436409369 824039761 544
436409369 824039851 565
436409369 824039875 564
436409369 824040039 545
436409369 824040125 544
436409369 824040515 544
436409369 824040951 545
436409369 930626766 118
436409369 930626866 138
436409369 930626886 71
436409369 930626996 49
436409369 930627026 49
436409369 930627036 50
436409369 930627176 50
436409369 930627196 50
436409369 930627486 49
436409369 930627496 51
436409369 930627616 111
436409369 930627746 51
436409369 930627836 61
436409369 936423854 49
436409369 949601179 50
436409369 968561617 49
436409369 979517098 49
436409419 436409429 44
436409419 436409439 22
436409419 667852635 44
436409419 674810554 44
436409419 685509613 529
436409419 760241947 44
436409419 760241994 44
436409419 760242017 44
436409419 760242040 45
436409419 760242166 44
436409419 760242333 44
436409419 760242399 45
436409419 760242444 46
436409419 760242670 45
436409419 760242890 44
436409419 760242914 44
436409419 760242938 44
436409419 760243319 46
436409419 760243417 45
436409419 760243527 45
436409419 760243587 45
436409419 807051501 100
436409419 807051581 61
436409419 807051831 44
436409419 807051851 44
436409419 807052171 44
436409419 807052191 44
436409419 807052210 45
436409419 807052380 47
436409419 807052420 44
436409419 807052770 44
436409419 807052820 44
436409419 820743455 44
436409419 820743465 43
436409419 820743515 154
436409419 820905197 44
436409419 820905217 45
436409419 820905567 45
436409419 820905747 76
436409419 820905767 44
436409419 820905977 44
436409419 824038961 541
436409419 824038987 541
436409419 824039126 541
436409419 824039260 541
436409419 824039471 541
436409419 824039484 541
436409419 824039761 541
436409419 824039851 562
436409419 824039875 561
436409419 824040039 542
436409419 824040125 541
436409419 824040515 541
436409419 824040951 542
436409419 930626766 113
436409419 930626866 134
436409419 930626886 66
436409419 930626996 44
436409419 930627026 44
436409419 930627036 45
436409419 930627176 45
436409419 930627196 45
436409419 930627486 44
436409419 930627496 46
436409419 930627616 107
436409419 930627746 46
436409419 930627836 56
436409419 936423854 44
436409419 949601179 45
436409419 968561617 44
436409419 979517098 44
436409429 436409439 41
436409429 667852635 51
436409429 674810554 51
436409429 685509613 540
436409429 760241947 51
436409429 760241994 51
436409429 760242017 51
436409429 760242040 52
436409429 760242166 51
436409429 760242333 51
436409429 760242399 52
436409429 760242444 53
436409429 760242670 52
436409429 760242890 51
436409429 760242914 51
436409429 760242938 51
436409429 760243319 53
436409429 760243417 52
436409429 760243527 52
436409429 760243587 52
436409429 807051501 106
436409429 807051581 68
436409429 807051831 51
436409429 807051851 51
436409429 807052171 51
436409429 807052191 51
436409429 807052210 52
436409429 807052380 54
436409429 807052420 51
436409429 807052770 51
436409429 807052820 51
436409429 820743455 51
436409429 820743465 50
436409429 820743515 162
436409429 820905197 51
436409429 820905217 52
436409429 820905567 52
436409429 820905747 83
436409429 820905767 51
436409429 820905977 51
436409429 824038961 538
436409429 824038987 538
436409429 824039126 538
436409429 824039260 538
436409429 824039471 538
436409429 824039484 538
436409429 824039761 538
436409429 824039851 560
436409429 824039875 558
436409429 824040039 539
436409429 824040125 538
436409429 824040515 538
436409429 824040951 539
436409429 930626766 120
436409429 930626866 140
436409429 930626886 72
436409429 930626996 51
436409429 930627026 51
436409429 930627036 52
436409429 930627176 52
436409429 930627196 52
436409429 930627486 51
436409429 930627496 53
436409429 930627616 114
436409429 930627746 53
436409429 930627836 61
436409429 936423854 51
436409429 949601179 52
436409429 968561617 51
436409429 979517098 51
436409439 667852635 40
436409439 674810554 40
436409439 685509613 533
436409439 760241947 40
436409439 760241994 40
436409439 760242017 40
436409439 760242040 41
436409439 760242166 40
436409439 760242333 40
436409439 760242399 41
436409439 760242444 42
436409439 760242670 41
436409439 760242890 40
436409439 760242914 40
436409439 760242938 40
436409439 760243319 42
436409439 760243417 41
436409439 760243527 41
436409439 760243587 41
436409439 807051501 95
436409439 807051581 57
436409439 807051831 40
436409439 807051851 40
436409439 807052171 40
436409439 807052191 40
436409439 807052210 41
436409439 807052380 43
436409439 807052420 40
436409439 807052770 40
436409439 807052820 40
436409439 820743455 40
436409439 820743465 39
436409439 820743515 153
436409439 820905197 40
436409439 820905217 41
436409439 820905567 41
436409439 820905747 71
436409439 820905767 40
436409439 820905977 40
436409439 824038961 537
436409439 824038987 537
436409439 824039126 537
436409439 824039260 537
436409439 824039471 537
436409439 824039484 537
436409439 824039761 537
436409439 824039851 558
436409439 824039875 556
436409439 824040039 538
436409439 824040125 537
436409439 824040515 537
436409439 824040951 538
436409439 930626766 109
436409439 930626866 129
436409439 930626886 62
436409439 930626996 40
436409439 930627026 40
436409439 930627036 41
436409439 930627176 41
436409439 930627196 41
436409439 930627486 40
436409439 930627496 42
436409439 930627616 103
436409439 930627746 42
436409439 930627836 52
436409439 936423854 40
436409439 949601179 41
436409439 968561617 40
436409439 979517098 40
667852635 674810554 0
667852635 685509613 541
667852635 760241947 0
667852635 760241994 0
667852635 760242017 0
667852635 760242040 1
667852635 760242166 0
667852635 760242333 0
667852635 760242399 1
667852635 760242444 2
667852635 760242670 1
667852635 760242890 0
667852635 760242914 0
667852635 760242938 0
667852635 760243319 2
667852635 760243417 1
667852635 760243527 1
667852635 760243587 1
667852635 807051501 56
667852635 807051581 17
667852635 807051831 0
667852635 807051851 0
667852635 807052171 0
667852635 807052191 0
667852635 807052210 1
667852635 807052380 3
667852635 807052420 0
667852635 807052770 0
667852635 807052820 0
667852635 820743455 0
667852635 820743465 1
667852635 820743515 113
667852635 820905197 0
667852635 820905217 1
667852635 820905567 1
667852635 820905747 32
667852635 820905767 0
667852635 820905977 0
667852635 824038961 524
667852635 824038987 524
667852635 824039126 524
667852635 824039260 524
667852635 824039471 524
667852635 824039484 524
667852635 824039761 524
667852635 824039851 546
667852635 824039875 544
667852635 824040039 525
667852635 824040125 524
667852635 824040515 524
667852635 824040951 525
667852635 930626766 71
667852635 930626866 90
667852635 930626886 22
667852635 930626996 0
667852635 930627026 0
667852635 930627036 1
667852635 930627176 1
667852635 930627196 1
667852635 930627486 0
667852635 930627496 2
667852635 930627616 64
667852635 930627746 2
667852635 930627836 12
667852635 936423854 0
667852635 949601179 1
667852635 968561617 0
667852635 979517098 0
674810554 685509613 541
674810554 760241947 0
674810554 760241994 0
674810554 760242017 0
674810554 760242040 1
674810554 760242166 0
674810554 760242333 0
674810554 760242399 1
674810554 760242444 2
674810554 760242670 1
674810554 760242890 0
674810554 760242914 0
674810554 760242938 0
674810554 760243319 2
674810554 760243417 1
674810554 760243527 1
674810554 760243587 1
674810554 807051501 56
674810554 807051581 17
674810554 807051831 0
674810554 807051851 0
674810554 807052171 0
674810554 807052191 0
674810554 807052210 1
674810554 807052380 3
674810554 807052420 0
674810554 807052770 0
674810554 807052820 0
674810554 820743455 0
674810554 820743465 1
674810554 820743515 113
674810554 820905197 0
674810554 820905217 1
674810554 820905567 1
674810554 820905747 32
674810554 820905767 0
674810554 820905977 0
674810554 824038961 524
674810554 824038987 524
674810554 824039126 524
674810554 824039260 524
674810554 824039471 524
674810554 824039484 524
674810554 824039761 524
674810554 824039851 546
674810554 824039875 544
674810554 824040039 525
674810554 824040125 524
674810554 824040515 524
674810554 824040951 525
674810554 930626766 71
674810554 930626866 90
674810554 930626886 22
674810554 930626996 0
674810554 930627026 0
674810554 930627036 1
674810554 930627176 1
674810554 930627196 1
674810554 930627486 0
674810554 930627496 2
674810554 930627616 64
674810554 930627746 2
674810554 930627836 12
674810554 936423854 0
674810554 949601179 1
674810554 968561617 0
674810554 979517098 0
685509613 760241947 541
685509613 760241994 541
685509613 760242017 541
685509613 760242040 541
685509613 760242166 541
685509613 760242333 541
685509613 760242399 542
685509613 760242444 542
685509613 760242670 542
685509613 760242890 541
685509613 760242914 541
685509613 760242938 541
685509613 760243319 542
685509613 760243417 541
685509613 760243527 542
685509613 760243587 541
685509613 807051501 541
685509613 807051581 542
685509613 807051831 541
685509613 807051851 541
685509613 807052171 541
685509613 807052191 541
685509613 807052210 541
685509613 807052380 542
685509613 807052420 541
685509613 807052770 541
685509613 807052820 541
685509613 820743455 541
685509613 820743465 540
685509613 820743515 652
685509613 820905197 541
685509613 820905217 542
685509613 820905567 542
685509613 820905747 541
685509613 820905767 541
685509613 820905977 541
685509613 824038961 21
685509613 824038987 21
685509613 824039126 21
685509613 824039260 21
685509613 824039471 21
685509613 824039484 21
685509613 824039761 21
685509613 824039851 42
685509613 824039875 41
685509613 824040039 22
685509613 824040125 21
685509613 824040515 21
685509613 824040951 22
685509613 930626766 587
685509613 930626866 552
685509613 930626886 547
685509613 930626996 541
685509613 930627026 541
685509613 930627036 542
685509613 930627176 542
685509613 930627196 542
685509613 930627486 541
685509613 930627496 543
685509613 930627616 602
685509613 930627746 542
685509613 930627836 541
685509613 936423854 541
685509613 949601179 541
685509613 968561617 541
685509613 979517098 541
760241947 760241994 0
760241947 760242017 0
760241947 760242040 1
760241947 760242166 0
760241947 760242333 0
760241947 760242399 1
760241947 760242444 2
760241947 760242670 1
760241947 760242890 0
760241947 760242914 0
760241947 760242938 0
760241947 760243319 2
760241947 760243417 1
760241947 760243527 1
760241947 760243587 1
760241947 807051501 56
760241947 807051581 17
760241947 807051831 0
760241947 807051851 0
760241947 807052171 0
760241947 807052191 0
760241947 807052210 1
760241947 807052380 3
760241947 807052420 0
760241947 807052770 0
760241947 807052820 0
760241947 820743455 0
760241947 820743465 1
760241947 820743515 113
760241947 820905197 0
760241947 820905217 1
760241947 820905567 1
760241947 820905747 32
760241947 820905767 0
760241947 820905977 0
760241947 824038961 524
760241947 824038987 524
760241947 824039126 524
760241947 824039260 524
760241947 824039471 524
760241947 824039484 524
760241947 824039761 524
760241947 824039851 546
760241947 824039875 544
760241947 824040039 525
760241947 824040125 524
760241947 824040515 524
760241947 824040951 525
760241947 930626766 71
760241947 930626866 90
760241947 930626886 22
760241947 930626996 0
760241947 930627026 0
760241947 930627036 1
760241947 930627176 1
760241947 930627196 1
760241947 930627486 0
760241947 930627496 2
760241947 930627616 64
760241947 930627746 2
760241947 930627836 12
760241947 936423854 0
760241947 949601179 1
760241947 968561617 0
760241947 979517098 0
760241994 760242017 0
760241994 760242040 1
760241994 760242166 0
760241994 760242333 0
760241994 760242399 1
760241994 760242444 2
760241994 760242670 1
760241994 760242890 0
760241994 760242914 0
760241994 760242938 0
760241994 760243319 2
760241994 760243417 1
760241994 760243527 1
760241994 760243587 1
760241994 807051501 56
760241994 807051581 17
760241994 807051831 0
760241994 807051851 0
760241994 807052171 0
760241994 807052191 0
760241994 807052210 1
760241994 807052380 3
760241994 807052420 0
760241994 807052770 0
760241994 807052820 0
760241994 820743455 0
760241994 820743465 1
760241994 820743515 113
760241994 820905197 0
760241994 820905217 1
760241994 820905567 1
760241994 820905747 32
760241994 820905767 0
760241994 820905977 0
760241994 824038961 524
760241994 824038987 524
760241994 824039126 524
760241994 824039260 524
760241994 824039471 524
760241994 824039484 524
760241994 824039761 524
760241994 824039851 546
760241994 824039875 544
760241994 824040039 525
760241994 824040125 524
760241994 824040515 524
760241994 824040951 525
760241994 930626766 71
760241994 930626866 90
760241994 930626886 22
760241994 930626996 0
760241994 930627026 0
760241994 930627036 1
760241994 930627176 1
760241994 930627196 1
760241994 930627486 0
760241994 930627496 2
760241994 930627616 64
760241994 930627746 2
760241994 930627836 12
760241994 936423854 0
760241994 949601179 1
760241994 968561617 0
760241994 979517098 0
760242017 760242040 1
760242017 760242166 0
760242017 760242333 0
760242017 760242399 1
760242017 760242444 2
760242017 760242670 1
760242017 760242890 0
760242017 760242914 0
760242017 760242938 0
760242017 760243319 2
760242017 760243417 1
760242017 760243527 1
760242017 760243587 1
760242017 807051501 56
760242017 807051581 17
760242017 807051831 0
760242017 807051851 0
760242017 807052171 0
760242017 807052191 0
760242017 807052210 1
760242017 807052380 3
760242017 807052420 0
760242017 807052770 0
760242017 807052820 0
760242017 820743455 0
760242017 820743465 1
760242017 820743515 113
760242017 820905197 0
760242017 820905217 1
760242017 820905567 1
760242017 820905747 32
760242017 820905767 0
760242017 820905977 0
760242017 824038961 524
760242017 824038987 524
760242017 824039126 524
760242017 824039260 524
760242017 824039471 524
760242017 824039484 524
760242017 824039761 524
760242017 824039851 546
760242017 824039875 544
760242017 824040039 525
760242017 824040125 524
760242017 824040515 524
760242017 824040951 525
760242017 930626766 71
760242017 930626866 90
760242017 930626886 22
760242017 930626996 0
760242017 930627026 0
760242017 930627036 1
760242017 930627176 1
760242017 930627196 1
760242017 930627486 0
760242017 930627496 2
760242017 930627616 64
760242017 930627746 2
760242017 930627836 12
760242017 936423854 0
760242017 949601179 1
760242017 968561617 0
760242017 979517098 0
760242040 760242166 1
760242040 760242333 1
760242040 760242399 2
760242040 760242444 1
760242040 760242670 2
760242040 760242890 1
760242040 760242914 1
760242040 760242938 1
760242040 760243319 1
760242040 760243417 0
760242040 760243527 2
760242040 760243587 0
760242040 807051501 57
760242040 807051581 18
760242040 807051831 1
760242040 807051851 1
760242040 807052171 1
760242040 807052191 1
760242040 807052210 0
760242040 807052380 4
760242040 807052420 1
760242040 807052770 1
760242040 807052820 1
760242040 820743455 1
760242040 820743465 2
760242040 820743515 114
760242040 820905197 1
760242040 820905217 2
760242040 820905567 2
760242040 820905747 33
760242040 820905767 1
760242040 820905977 1
760242040 824038961 524
760242040 824038987 524
760242040 824039126 524
760242040 824039260 524
760242040 824039471 524
760242040 824039484 524
760242040 824039761 524
760242040 824039851 546
760242040 824039875 544
760242040 824040039 525
760242040 824040125 524
760242040 824040515 524
760242040 824040951 525
760242040 930626766 72
760242040 930626866 91
760242040 930626886 23
760242040 930626996 1
760242040 930627026 1
760242040 930627036 2
760242040 930627176 2
760242040 930627196 2
760242040 930627486 1
760242040 930627496 3
760242040 930627616 65
760242040 930627746 3
760242040 930627836 13
760242040 936423854 1
760242040 949601179 2
760242040 968561617 1
760242040 979517098 1
760242166 760242333 0
760242166 760242399 1
760242166 760242444 2
760242166 760242670 1
760242166 760242890 0
760242166 760242914 0
760242166 760242938 0
760242166 760243319 2
760242166 760243417 1
760242166 760243527 1
760242166 760243587 1
760242166 807051501 56
760242166 807051581 17
760242166 807051831 0
760242166 807051851 0
760242166 807052171 0
760242166 807052191 0
760242166 807052210 1
760242166 807052380 3
760242166 807052420 0
760242166 807052770 0
760242166 807052820 0
760242166 820743455 0
760242166 820743465 1
760242166 820743515 113
760242166 820905197 0
760242166 820905217 1
760242166 820905567 1
760242166 820905747 32
760242166 820905767 0
760242166 820905977 0
760242166 824038961 524
760242166 824038987 524
760242166 824039126 524
760242166 824039260 524
760242166 824039471 524
760242166 824039484 524
760242166 824039761 524
760242166 824039851 546
760242166 824039875 544
760242166 824040039 525
760242166 824040125 524
760242166 824040515 524
760242166 824040951 525
760242166 930626766 71
760242166 930626866 90
760242166 930626886 22
760242166 930626996 0
760242166 930627026 0
760242166 930627036 1
760242166 930627176 1
760242166 930627196 1
760242166 930627486 0
760242166 930627496 2
760242166 930627616 64
760242166 930627746 2
760242166 930627836 12
760242166 936423854 0
760242166 949601179 1
760242166 968561617 0
760242166 979517098 0
760242333 760242399 1
760242333 760242444 2
760242333 760242670 1
760242333 760242890 0
760242333 760242914 0
760242333 760242938 0
760242333 760243319 2
760242333 760243417 1
760242333 760243527 1
760242333 760243587 1
760242333 807051501 56
760242333 807051581 17
760242333 807051831 0
760242333 807051851 0
760242333 807052171 0
760242333 807052191 0
760242333 807052210 1
760242333 807052380 3
760242333 807052420 0
760242333 807052770 0
760242333 807052820 0
760242333 820743455 0
760242333 820743465 1
760242333 820743515 113
760242333 820905197 0
760242333 820905217 1
760242333 820905567 1
760242333 820905747 32
760242333 820905767 0
760242333 820905977 0
760242333 824038961 524
760242333 824038987 524
760242333 824039126 524
760242333 824039260 524
760242333 824039471 524
760242333 824039484 524
760242333 824039761 524
760242333 824039851 546
760242333 824039875 544
760242333 824040039 525
760242333 824040125 524
760242333 824040515 524
760242333 824040951 525
760242333 930626766 71
760242333 930626866 90
760242333 930626886 22
760242333 930626996 0
760242333 930627026 0
760242333 930627036 1
760242333 930627176 1
760242333 930627196 1
760242333 930627486 0
760242333 930627496 2
760242333 930627616 64
760242333 930627746 2
760242333 930627836 12
760242333 936423854 0
760242333 949601179 1
760242333 968561617 0
760242333 979517098 0
760242399 760242444 3
760242399 760242670 2
760242399 760242890 1
760242399 760242914 1
760242399 760242938 1
760242399 760243319 3
760242399 760243417 2
760242399 760243527 0
760242399 760243587 2
760242399 807051501 57
760242399 807051581 18
760242399 807051831 1
760242399 807051851 1
760242399 807052171 1
760242399 807052191 1
760242399 807052210 2
760242399 807052380 4
760242399 807052420 1
760242399 807052770 1
760242399 807052820 1
760242399 820743455 1
760242399 820743465 2
760242399 820743515 113
760242399 820905197 1
760242399 820905217 2
760242399 820905567 2
760242399 820905747 33
760242399 820905767 1
760242399 820905977 1
760242399 824038961 525
760242399 824038987 525
760242399 824039126 525
760242399 824039260 525
760242399 824039471 525
760242399 824039484 525
760242399 824039761 525
760242399 824039851 547
760242399 824039875 545
760242399 824040039 526
760242399 824040125 525
760242399 824040515 525
760242399 824040951 526
760242399 930626766 72
760242399 930626866 91
760242399 930626886 23
760242399 930626996 1
760242399 930627026 1
760242399 930627036 2
760242399 930627176 2
760242399 930627196 2
760242399 930627486 1
760242399 930627496 3
760242399 930627616 65
760242399 930627746 3
760242399 930627836 13
760242399 936423854 1
760242399 949601179 2
760242399 968561617 1
760242399 979517098 1
760242444 760242670 3
760242444 760242890 2
760242444 760242914 2
760242444 760242938 2
760242444 760243319 2
760242444 760243417 1
760242444 760243527 3
760242444 760243587 1
760242444 807051501 58
760242444 807051581 19
760242444 807051831 2
760242444 807051851 2
760242444 807052171 2
760242444 807052191 2
760242444 807052210 1
760242444 807052380 5
760242444 807052420 2
760242444 807052770 2
760242444 807052820 2
760242444 820743455 2
760242444 820743465 3
760242444 820743515 115
760242444 820905197 2
760242444 820905217 3
760242444 820905567 3
760242444 820905747 34
760242444 820905767 2
760242444 820905977 2
760242444 824038961 525
760242444 824038987 525
760242444 824039126 525
760242444 824039260 525
760242444 824039471 525
760242444 824039484 525
760242444 824039761 525
760242444 824039851 547
760242444 824039875 545
760242444 824040039 526
760242444 824040125 525
760242444 824040515 525
760242444 824040951 526
760242444 930626766 73
760242444 930626866 92
760242444 930626886 24
760242444 930626996 2
760242444 930627026 2
760242444 930627036 3
760242444 930627176 3
760242444 930627196 3
760242444 930627486 2
760242444 930627496 4
760242444 930627616 66
760242444 930627746 4
760242444 930627836 14
760242444 936423854 2
760242444 949601179 3
760242444 968561617 2
760242444 979517098 2
760242670 760242890 1
760242670 760242914 1
760242670 760242938 1
760242670 760243319 3
760242670 760243417 2
760242670 760243527 2
760242670 760243587 2
760242670 807051501 57
760242670 807051581 18
760242670 807051831 1
760242670 807051851 1
760242670 807052171 1
760242670 807052191 1
760242670 807052210 2
760242670 807052380 4
760242670 807052420 1
760242670 807052770 1
760242670 807052820 1
760242670 820743455 1
760242670 820743465 2
760242670 820743515 114
760242670 820905197 1
760242670 820905217 2
760242670 820905567 2
760242670 820905747 33
760242670 820905767 1
760242670 820905977 1
760242670 824038961 525
760242670 824038987 525
760242670 824039126 525
760242670 824039260 525
760242670 824039471 525
760242670 824039484 525
760242670 824039761 525
760242670 824039851 546
760242670 824039875 545
760242670 824040039 526
760242670 824040125 525
760242670 824040515 525
760242670 824040951 526
760242670 930626766 72
760242670 930626866 91
760242670 930626886 23
760242670 930626996 1
760242670 930627026 1
760242670 930627036 2
760242670 930627176 2
760242670 930627196 2
760242670 930627486 1
760242670 930627496 3
760242670 930627616 65
760242670 930627746 3
760242670 930627836 13
760242670 936423854 1
760242670 949601179 2
760242670 968561617 1
760242670 979517098 1
760242890 760242914 0
760242890 760242938 0
760242890 760243319 2
760242890 760243417 1
760242890 760243527 1
760242890 760243587 1
760242890 807051501 56
760242890 807051581 17
760242890 807051831 0
760242890 807051851 0
760242890 807052171 0
760242890 807052191 0
760242890 807052210 1
760242890 807052380 3
760242890 807052420 0
760242890 807052770 0
760242890 807052820 0
760242890 820743455 0
760242890 820743465 1
760242890 820743515 113
760242890 820905197 0
760242890 820905217 1
760242890 820905567 1
760242890 820905747 32
760242890 820905767 0
760242890 820905977 0
760242890 824038961 524
760242890 824038987 524
760242890 824039126 524
760242890 824039260 524
760242890 824039471 524
760242890 824039484 524
760242890 824039761 524
760242890 824039851 546
760242890 824039875 544
760242890 824040039 525
760242890 824040125 524
760242890 824040515 524
760242890 824040951 525
760242890 930626766 71
760242890 930626866 90
760242890 930626886 22
760242890 930626996 0
760242890 930627026 0
760242890 930627036 1
760242890 930627176 1
760242890 930627196 1
760242890 930627486 0
760242890 930627496 2
760242890 930627616 64
760242890 930627746 2
760242890 930627836 12
760242890 936423854 0
760242890 949601179 1
760242890 968561617 0
760242890 979517098 0
760242914 760242938 0
760242914 760243319 2
760242914 760243417 1
760242914 760243527 1
760242914 760243587 1
760242914 807051501 56
760242914 807051581 17
760242914 807051831 0
760242914 807051851 0
760242914 807052171 0
760242914 807052191 0
760242914 807052210 1
760242914 807052380 3
760242914 807052420 0
760242914 807052770 0
760242914 807052820 0
760242914 820743455 0
760242914 820743465 1
760242914 820743515 113
760242914 820905197 0
760242914 820905217 1
760242914 820905567 1
760242914 820905747 32
760242914 820905767 0
760242914 820905977 0
760242914 824038961 524
760242914 824038987 524
760242914 824039126 524
760242914 824039260 524
760242914 824039471 524
760242914 824039484 524
760242914 824039761 524
760242914 824039851 546
760242914 824039875 544
760242914 824040039 525
760242914 824040125 524
760242914 824040515 524
760242914 824040951 525
760242914 930626766 71
760242914 930626866 90
760242914 930626886 22
760242914 930626996 0
760242914 930627026 0
760242914 930627036 1
760242914 930627176 1
760242914 930627196 1
760242914 930627486 0
760242914 930627496 2
760242914 930627616 64
760242914 930627746 2
760242914 930627836 12
760242914 936423854 0
760242914 949601179 1
760242914 968561617 0
760242914 979517098 0
760242938 760243319 2
760242938 760243417 1
760242938 760243527 1
760242938 760243587 1
760242938 807051501 56
760242938 807051581 17
760242938 807051831 0
760242938 807051851 0
760242938 807052171 0
760242938 807052191 0
760242938 807052210 1
760242938 807052380 3
760242938 807052420 0
760242938 807052770 0
760242938 807052820 0
760242938 820743455 0
760242938 820743465 1
760242938 820743515 113
760242938 820905197 0
760242938 820905217 1
760242938 820905567 1
760242938 820905747 32
760242938 820905767 0
760242938 820905977 0
760242938 824038961 524
760242938 824038987 524
760242938 824039126 524
760242938 824039260 524
760242938 824039471 524
760242938 824039484 524
760242938 824039761 524
760242938 824039851 546
760242938 824039875 544
760242938 824040039 525
760242938 824040125 524
760242938 824040515 524
760242938 824040951 525
760242938 930626766 71
760242938 930626866 90
760242938 930626886 22
760242938 930626996 0
760242938 930627026 0
760242938 930627036 1
760242938 930627176 1
760242938 930627196 1
760242938 930627486 0
760242938 930627496 2
760242938 930627616 64
760242938 930627746 2
760242938 930627836 12
760242938 936423854 0
760242938 949601179 1
760242938 968561617 0
760242938 979517098 0
760243319 760243417 1
760243319 760243527 3
760243319 760243587 1
760243319 807051501 58
760243319 807051581 19
760243319 807051831 2
760243319 807051851 2
760243319 807052171 2
760243319 807052191 2
760243319 807052210 1
760243319 807052380 5
760243319 807052420 2
760243319 807052770 2
760243319 807052820 2
760243319 820743455 2
760243319 820743465 3
760243319 820743515 115
760243319 820905197 2
760243319 820905217 3
760243319 820905567 3
760243319 820905747 34
760243319 820905767 2
760243319 820905977 2
760243319 824038961 525
760243319 824038987 525
760243319 824039126 525
760243319 824039260 525
760243319 824039471 525
760243319 824039484 525
760243319 824039761 525
760243319 824039851 547
760243319 824039875 545
760243319 824040039 526
760243319 824040125 525
760243319 824040515 525
760243319 824040951 526
760243319 930626766 73
760243319 930626866 92
760243319 930626886 24
760243319 930626996 2
760243319 930627026 2
760243319 930627036 3
760243319 930627176 3
760243319 930627196 3
760243319 930627486 2
760243319 930627496 4
760243319 930627616 66
760243319 930627746 4
760243319 930627836 14
760243319 936423854 2
760243319 949601179 3
760243319 968561617 2
760243319 979517098 2
760243417 760243527 2
760243417 760243587 0
760243417 807051501 57
760243417 807051581 18
760243417 807051831 1
760243417 807051851 1
760243417 807052171 1
760243417 807052191 1
760243417 807052210 0
760243417 807052380 4
760243417 807052420 1
760243417 807052770 1
760243417 807052820 1
760243417 820743455 1
760243417 820743465 2
760243417 820743515 114
760243417 820905197 1
760243417 820905217 2
760243417 820905567 2
760243417 820905747 33
760243417 820905767 1
760243417 820905977 1
760243417 824038961 524
760243417 824038987 524
760243417 824039126 524
760243417 824039260 524
760243417 824039471 524
760243417 824039484 524
760243417 824039761 524
760243417 824039851 546
760243417 824039875 544
760243417 824040039 525
760243417 824040125 524
760243417 824040515 524
760243417 824040951 525
760243417 930626766 72
760243417 930626866 91
760243417 930626886 23
760243417 930626996 1
760243417 930627026 1
760243417 930627036 2
760243417 930627176 2
760243417 930627196 2
760243417 930627486 1
760243417 930627496 3
760243417 930627616 65
760243417 930627746 3
760243417 930627836 13
760243417 936423854 1
760243417 949601179 2
760243417 968561617 1
760243417 979517098 1
760243527 760243587 2
760243527 807051501 57
760243527 807051581 18
760243527 807051831 1
760243527 807051851 1
760243527 807052171 1
760243527 807052191 1
760243527 807052210 2
760243527 807052380 4
760243527 807052420 1
760243527 807052770 1
760243527 807052820 1
760243527 820743455 1
760243527 820743465 2
760243527 820743515 113
760243527 820905197 1
760243527 820905217 2
760243527 820905567 2
760243527 820905747 33
760243527 820905767 1
760243527 820905977 1
760243527 824038961 525
760243527 824038987 525
760243527 824039126 525
760243527 824039260 525
760243527 824039471 525
760243527 824039484 525
760243527 824039761 525
760243527 824039851 547
760243527 824039875 545
760243527 824040039 526
760243527 824040125 525
760243527 824040515 525
760243527 824040951 526
760243527 930626766 72
760243527 930626866 91
760243527 930626886 23
760243527 930626996 1
760243527 930627026 1
760243527 930627036 2
760243527 930627176 2
760243527 930627196 2
760243527 930627486 1
760243527 930627496 3
760243527 930627616 65
760243527 930627746 3
760243527 930627836 13
760243527 936423854 1
760243527 949601179 2
760243527 968561617 1
760243527 979517098 1
760243587 807051501 57
760243587 807051581 18
760243587 807051831 1
760243587 807051851 1
760243587 807052171 1
760243587 807052191 1
760243587 807052210 0
760243587 807052380 4
760243587 807052420 1
760243587 807052770 1
760243587 807052820 1
760243587 820743455 1
760243587 820743465 2
760243587 820743515 114
760243587 820905197 1
760243587 820905217 2
760243587 820905567 2
760243587 820905747 33
760243587 820905767 1
760243587 820905977 1
760243587 824038961 524
760243587 824038987 524
760243587 824039126 524
760243587 824039260 524
760243587 824039471 524
760243587 824039484 524
760243587 824039761 524
760243587 824039851 546
760243587 824039875 544
760243587 824040039 525
760243587 824040125 524
760243587 824040515 524
760243587 824040951 525
760243587 930626766 72
760243587 930626866 91
760243587 930626886 23
760243587 930626996 1
760243587 930627026 1
760243587 930627036 2
760243587 930627176 2
760243587 930627196 2
760243587 930627486 1
760243587 930627496 3
760243587 930627616 65
760243587 930627746 3
760243587 930627836 13
760243587 936423854 1
760243587 949601179 2
760243587 968561617 1
760243587 979517098 1
807051501 807051581 41
807051501 807051831 56
807051501 807051851 56
807051501 807052171 56
807051501 807052191 56
807051501 807052210 57
807051501 807052380 59
807051501 807052420 56
807051501 807052770 56
807051501 807052820 56
807051501 820743455 56
807051501 820743465 57
807051501 820743515 169
807051501 820905197 56
807051501 820905217 57
807051501 820905567 57
807051501 820905747 24
807051501 820905767 56
807051501 820905977 56
807051501 824038961 524
807051501 824038987 524
807051501 824039126 524
807051501 824039260 524
807051501 824039471 524
807051501 824039484 524
807051501 824039761 524
807051501 824039851 546
807051501 824039875 544
807051501 824040039 525
807051501 824040125 524
807051501 824040515 524
807051501 824040951 525
807051501 930626766 127
807051501 930626866 34
807051501 930626886 78
807051501 930626996 56
807051501 930627026 56
807051501 930627036 57
807051501 930627176 57
807051501 930627196 57
807051501 930627486 56
807051501 930627496 58
807051501 930627616 120
807051501 930627746 58
807051501 930627836 68
807051501 936423854 56
807051501 949601179 57
807051501 968561617 56
807051501 979517098 56
807051581 807051831 17
807051581 807051851 17
807051581 807052171 17
807051581 807052191 17
807051581 807052210 18
807051581 807052380 20
807051581 807052420 17
807051581 807052770 17
807051581 807052820 17
807051581 820743455 17
807051581 820743465 18
807051581 820743515 130
807051581 820905197 17
807051581 820905217 18
807051581 820905567 18
807051581 820905747 17
807051581 820905767 17
807051581 820905977 17
807051581 824038961 525
807051581 824038987 525
807051581 824039126 525
807051581 824039260 525
807051581 824039471 525
807051581 824039484 525
807051581 824039761 525
807051581 824039851 547
807051581 824039875 545
807051581 824040039 526
807051581 824040125 525
807051581 824040515 525
807051581 824040951 526
807051581 930626766 87
807051581 930626866 75
807051581 930626886 39
807051581 930626996 17
807051581 930627026 17
807051581 930627036 18
807051581 930627176 18
807051581 930627196 18
807051581 930627486 17
807051581 930627496 19
807051581 930627616 81
807051581 930627746 19
807051581 930627836 29
807051581 936423854 17
807051581 949601179 18
807051581 968561617 17
807051581 979517098 17
807051831 807051851 0
807051831 807052171 0
807051831 807052191 0
807051831 807052210 1
807051831 807052380 3
807051831 807052420 0
807051831 807052770 0
807051831 807052820 0
807051831 820743455 0
807051831 820743465 1
807051831 820743515 113
807051831 820905197 0
807051831 820905217 1
807051831 820905567 1
807051831 820905747 32
807051831 820905767 0
807051831 820905977 0
807051831 824038961 524
807051831 824038987 524
807051831 824039126 524
807051831 824039260 524
807051831 824039471 524
807051831 824039484 524
807051831 824039761 524
807051831 824039851 546
807051831 824039875 544
807051831 824040039 525
807051831 824040125 524
807051831 824040515 524
807051831 824040951 525
807051831 930626766 71
807051831 930626866 90
807051831 930626886 22
807051831 930626996 0
807051831 930627026 0
807051831 930627036 1
807051831 930627176 1
807051831 930627196 1
807051831 930627486 0
807051831 930627496 2
807051831 930627616 64
807051831 930627746 2
807051831 930627836 12
807051831 936423854 0
807051831 949601179 1
807051831 968561617 0
807051831 979517098 0
807051851 807052171 0
807051851 807052191 0
807051851 807052210 1
807051851 807052380 3
807051851 807052420 0
807051851 807052770 0
807051851 807052820 0
807051851 820743455 0
807051851 820743465 1
807051851 820743515 113
807051851 820905197 0
807051851 820905217 1
807051851 820905567 1
807051851 820905747 32
807051851 820905767 0
807051851 820905977 0
807051851 824038961 524
807051851 824038987 524
807051851 824039126 524
807051851 824039260 524
807051851 824039471 524
807051851 824039484 524
807051851 824039761 524
807051851 824039851 546
807051851 824039875 544
807051851 824040039 525
807051851 824040125 524
807051851 824040515 524
807051851 824040951 525
807051851 930626766 71
807051851 930626866 90
807051851 930626886 22
807051851 930626996 0
807051851 930627026 0
807051851 930627036 1
807051851 930627176 1
807051851 930627196 1
807051851 930627486 0
807051851 930627496 2
807051851 930627616 64
807051851 930627746 2
807051851 930627836 12
807051851 936423854 0
807051851 949601179 1
807051851 968561617 0
807051851 979517098 0
807052171 807052191 0
807052171 807052210 1
807052171 807052380 3
807052171 807052420 0
807052171 807052770 0
807052171 807052820 0
807052171 820743455 0
807052171 820743465 1
807052171 820743515 113
807052171 820905197 0
807052171 820905217 1
807052171 820905567 1
807052171 820905747 32
807052171 820905767 0
807052171 820905977 0
807052171 824038961 524
807052171 824038987 524
807052171 824039126 524
807052171 824039260 524
807052171 824039471 524
807052171 824039484 524
807052171 824039761 524
807052171 824039851 546
807052171 824039875 544
807052171 824040039 525
807052171 824040125 524
807052171 824040515 524
807052171 824040951 525
807052171 930626766 71
807052171 930626866 90
807052171 930626886 22
807052171 930626996 0
807052171 930627026 0
807052171 930627036 1
807052171 930627176 1
807052171 930627196 1
807052171 930627486 0
807052171 930627496 2
807052171 930627616 64
807052171 930627746 2
807052171 930627836 12
807052171 936423854 0
807052171 949601179 1
807052171 968561617 0
807052171 979517098 0
807052191 807052210 1
807052191 807052380 3
807052191 807052420 0
807052191 807052770 0
807052191 807052820 0
807052191 820743455 0
807052191 820743465 1
807052191 820743515 113
807052191 820905197 0
807052191 820905217 1
807052191 820905567 1
807052191 820905747 32
807052191 820905767 0
807052191 820905977 0
807052191 824038961 524
807052191 824038987 524
807052191 824039126 524
807052191 824039260 524
807052191 824039471 524
807052191 824039484 524
807052191 824039761 524
807052191 824039851 546
807052191 824039875 544
807052191 824040039 525
807052191 824040125 524
807052191 824040515 524
807052191 824040951 525
807052191 930626766 71
807052191 930626866 90
807052191 930626886 22
807052191 930626996 0
807052191 930627026 0
807052191 930627036 1
807052191 930627176 1
807052191 930627196 1
807052191 930627486 0
807052191 930627496 2
807052191 930627616 64
807052191 930627746 2
807052191 930627836 12
807052191 936423854 0
807052191 949601179 1
807052191 968561617 0
807052191 979517098 0
807052210 807052380 4
807052210 807052420 1
807052210 807052770 1
807052210 807052820 1
807052210 820743455 1
807052210 820743465 2
807052210 820743515 114
807052210 820905197 1
807052210 820905217 2
807052210 820905567 2
807052210 820905747 33
807052210 820905767 1
807052210 820905977 1
807052210 824038961 524
807052210 824038987 524
807052210 824039126 524
807052210 824039260 524
807052210 824039471 524
807052210 824039484 524
807052210 824039761 524
807052210 824039851 546
807052210 824039875 544
807052210 824040039 525
807052210 824040125 524
807052210 824040515 524
807052210 824040951 525
807052210 930626766 72
807052210 930626866 91
807052210 930626886 23
807052210 930626996 1
807052210 930627026 1
807052210 930627036 2
807052210 930627176 2
807052210 930627196 2
807052210 930627486 1
807052210 930627496 3
807052210 930627616 65
807052210 930627746 3
807052210 930627836 13
807052210 936423854 1
807052210 949601179 2
807052210 968561617 1
807052210 979517098 1
807052380 807052420 3
807052380 807052770 3
807052380 807052820 3
807052380 820743455 3
807052380 820743465 4
807052380 820743515 116
807052380 820905197 3
807052380 820905217 4
807052380 820905567 4
807052380 820905747 35
807052380 820905767 3
807052380 820905977 3
807052380 824038961 526
807052380 824038987 526
807052380 824039126 526
807052380 824039260 526
807052380 824039471 526
807052380 824039484 526
807052380 824039761 526
807052380 824039851 548
807052380 824039875 546
807052380 824040039 527
807052380 824040125 526
807052380 824040515 526
807052380 824040951 527
807052380 930626766 73
807052380 930626866 92
807052380 930626886 25
807052380 930626996 3
807052380 930627026 3
807052380 930627036 4
807052380 930627176 4
807052380 930627196 4
807052380 930627486 3
807052380 930627496 5
807052380 930627616 67
807052380 930627746 5
807052380 930627836 15
807052380 936423854 3
807052380 949601179 4
807052380 968561617 3
807052380 979517098 3
807052420 807052770 0
807052420 807052820 0
807052420 820743455 0
807052420 820743465 1
807052420 820743515 113
807052420 820905197 0
807052420 820905217 1
807052420 820905567 1
807052420 820905747 32
807052420 820905767 0
807052420 820905977 0
807052420 824038961 524
807052420 824038987 524
807052420 824039126 524
807052420 824039260 524
807052420 824039471 524
807052420 824039484 524
807052420 824039761 524
807052420 824039851 546
807052420 824039875 544
807052420 824040039 525
807052420 824040125 524
807052420 824040515 524
807052420 824040951 525
807052420 930626766 71
807052420 930626866 90
807052420 930626886 22
807052420 930626996 0
807052420 930627026 0
807052420 930627036 1
807052420 930627176 1
807052420 930627196 1
807052420 930627486 0
807052420 930627496 2
807052420 930627616 64
807052420 930627746 2
807052420 930627836 12
807052420 936423854 0
807052420 949601179 1
807052420 968561617 0
807052420 979517098 0
807052770 807052820 0
807052770 820743455 0
807052770 820743465 1
807052770 820743515 113
807052770 820905197 0
807052770 820905217 1
807052770 820905567 1
807052770 820905747 32
807052770 820905767 0
807052770 820905977 0
807052770 824038961 524
807052770 824038987 524
807052770 824039126 524
807052770 824039260 524
807052770 824039471 524
807052770 824039484 524
807052770 824039761 524
807052770 824039851 546
807052770 824039875 544
807052770 824040039 525
807052770 824040125 524
807052770 824040515 524
807052770 824040951 525
807052770 930626766 71
807052770 930626866 90
807052770 930626886 22
807052770 930626996 0
807052770 930627026 0
807052770 930627036 1
807052770 930627176 1
807052770 930627196 1
807052770 930627486 0
807052770 930627496 2
807052770 930627616 64
807052770 930627746 2
807052770 930627836 12
807052770 936423854 0
807052770 949601179 1
807052770 968561617 0
807052770 979517098 0
807052820 820743455 0
807052820 820743465 1
807052820 820743515 113
807052820 820905197 0
807052820 820905217 1
807052820 820905567 1
807052820 820905747 32
807052820 820905767 0
807052820 820905977 0
807052820 824038961 524
807052820 824038987 524
807052820 824039126 524
807052820 824039260 524
807052820 824039471 524
807052820 824039484 524
807052820 824039761 524
807052820 824039851 546
807052820 824039875 544
807052820 824040039 525
807052820 824040125 524
807052820 824040515 524
807052820 824040951 525
807052820 930626766 71
807052820 930626866 90
807052820 930626886 22
807052820 930626996 0
807052820 930627026 0
807052820 930627036 1
807052820 930627176 1
807052820 930627196 1
807052820 930627486 0
807052820 930627496 2
807052820 930627616 64
807052820 930627746 2
807052820 930627836 12
807052820 936423854 0
807052820 949601179 1
807052820 968561617 0
807052820 979517098 0
820743455 820743465 1
820743455 820743515 113
820743455 820905197 0
820743455 820905217 1
820743455 820905567 1
820743455 820905747 32
820743455 820905767 0
820743455 820905977 0
820743455 824038961 524
820743455 824038987 524
820743455 824039126 524
820743455 824039260 524
820743455 824039471 524
820743455 824039484 524
820743455 824039761 524
820743455 824039851 546
820743455 824039875 544
820743455 824040039 525
820743455 824040125 524
820743455 824040515 524
820743455 824040951 525
820743455 930626766 71
820743455 930626866 90
820743455 930626886 22
820743455 930626996 0
820743455 930627026 0
820743455 930627036 1
820743455 930627176 1
820743455 930627196 1
820743455 930627486 0
820743455 930627496 2
820743455 930627616 64
820743455 930627746 2
820743455 930627836 12
820743455 936423854 0
820743455 949601179 1
820743455 968561617 0
820743455 979517098 0
820743465 820743515 114
820743465 820905197 1
820743465 820905217 2
820743465 820905567 2
820743465 820905747 33
820743465 820905767 1
820743465 820905977 1
820743465 824038961 525
820743465 824038987 525
820743465 824039126 525
820743465 824039260 525
820743465 824039471 525
820743465 824039484 525
820743465 824039761 525
820743465 824039851 547
820743465 824039875 545
820743465 824040039 526
820743465 824040125 525
820743465 824040515 525
820743465 824040951 526
820743465 930626766 72
820743465 930626866 91
820743465 930626886 23
820743465 930626996 1
820743465 930627026 1
820743465 930627036 2
820743465 930627176 2
820743465 930627196 2
820743465 930627486 1
820743465 930627496 3
820743465 930627616 65
820743465 930627746 3
820743465 930627836 13
820743465 936423854 1
820743465 949601179 2
820743465 968561617 1
820743465 979517098 1
820743515 820905197 113
820743515 820905217 114
820743515 820905567 114
820743515 820905747 145
820743515 820905767 113
820743515 820905977 113
820743515 824038961 637
820743515 824038987 637
820743515 824039126 637
820743515 824039260 637
820743515 824039471 637
820743515 824039484 637
820743515 824039761 637
820743515 824039851 659
820743515 824039875 656
820743515 824040039 638
820743515 824040125 637
820743515 824040515 637
820743515 824040951 638
820743515 930626766 184
820743515 930626866 203
820743515 930626886 135
820743515 930626996 113
820743515 930627026 113
820743515 930627036 114
820743515 930627176 114
820743515 930627196 113
820743515 930627486 113
820743515 930627496 113
820743515 930627616 177
820743515 930627746 115
820743515 930627836 125
820743515 936423854 113
820743515 949601179 114
820743515 968561617 113
820743515 979517098 113
820905197 820905217 1
820905197 820905567 1
820905197 820905747 32
820905197 820905767 0
820905197 820905977 0
820905197 824038961 524
820905197 824038987 524
820905197 824039126 524
820905197 824039260 524
820905197 824039471 524
820905197 824039484 524
820905197 824039761 524
820905197 824039851 546
820905197 824039875 544
820905197 824040039 525
820905197 824040125 524
820905197 824040515 524
820905197 824040951 525
820905197 930626766 71
820905197 930626866 90
820905197 930626886 22
820905197 930626996 0
820905197 930627026 0
820905197 930627036 1
820905197 930627176 1
820905197 930627196 1
820905197 930627486 0
820905197 930627496 2
820905197 930627616 64
820905197 930627746 2
820905197 930627836 12
820905197 936423854 0
820905197 949601179 1
820905197 968561617 0
820905197 979517098 0
820905217 820905567 2
820905217 820905747 33
820905217 820905767 1
820905217 820905977 1
820905217 824038961 525
820905217 824038987 525
820905217 824039126 525
820905217 824039260 525
820905217 824039471 525
820905217 824039484 525
820905217 824039761 525
820905217 824039851 547
820905217 824039875 545
820905217 824040039 526
820905217 824040125 525
820905217 824040515 525
820905217 824040951 526
820905217 930626766 72
820905217 930626866 91
820905217 930626886 23
820905217 930626996 1
820905217 930627026 1
820905217 930627036 2
820905217 930627176 2
820905217 930627196 2
820905217 930627486 1
820905217 930627496 3
820905217 930627616 65
820905217 930627746 3
820905217 930627836 13
820905217 936423854 1
820905217 949601179 2
820905217 968561617 1
820905217 979517098 1
820905567 820905747 33
820905567 820905767 1
820905567 820905977 1
820905567 824038961 525
820905567 824038987 525
820905567 824039126 525
820905567 824039260 525
820905567 824039471 525
820905567 824039484 525
820905567 824039761 525
820905567 824039851 547
820905567 824039875 545
820905567 824040039 526
820905567 824040125 525
820905567 824040515 525
820905567 824040951 526
820905567 930626766 72
820905567 930626866 91
820905567 930626886 23
820905567 930626996 1
820905567 930627026 1
820905567 930627036 2
820905567 930627176 2
820905567 930627196 2
820905567 930627486 1
820905567 930627496 3
820905567 930627616 65
820905567 930627746 3
820905567 930627836 13
820905567 936423854 1
820905567 949601179 2
820905567 968561617 1
820905567 979517098 1
820905747 820905767 32
820905747 820905977 32
820905747 824038961 524
820905747 824038987 524
820905747 824039126 524
820905747 824039260 524
820905747 824039471 524
820905747 824039484 524
820905747 824039761 524
820905747 824039851 546
820905747 824039875 544
820905747 824040039 525
820905747 824040125 524
820905747 824040515 524
820905747 824040951 525
820905747 930626766 103
820905747 930626866 58
820905747 930626886 54
820905747 930626996 32
820905747 930627026 32
820905747 930627036 33
820905747 930627176 33
820905747 930627196 33
820905747 930627486 32
820905747 930627496 34
820905747 930627616 96
820905747 930627746 34
820905747 930627836 44
820905747 936423854 32
820905747 949601179 33
820905747 968561617 32
820905747 979517098 32
820905767 820905977 0
820905767 824038961 524
820905767 824038987 524
820905767 824039126 524
820905767 824039260 524
820905767 824039471 524
820905767 824039484 524
820905767 824039761 524
820905767 824039851 546
820905767 824039875 544
820905767 824040039 525
820905767 824040125 524
820905767 824040515 524
820905767 824040951 525
820905767 930626766 71
820905767 930626866 90
820905767 930626886 22
820905767 930626996 0
820905767 930627026 0
820905767 930627036 1
820905767 930627176 1
820905767 930627196 1
820905767 930627486 0
820905767 930627496 2
820905767 930627616 64
820905767 930627746 2
820905767 930627836 12
820905767 936423854 0
820905767 949601179 1
820905767 968561617 0
820905767 979517098 0
820905977 824038961 524
820905977 824038987 524
820905977 824039126 524
820905977 824039260 524
820905977 824039471 524
820905977 824039484 524
820905977 824039761 524
820905977 824039851 546
820905977 824039875 544
820905977 824040039 525
820905977 824040125 524
820905977 824040515 524
820905977 824040951 525
820905977 930626766 71
820905977 930626866 90
820905977 930626886 22
820905977 930626996 0
820905977 930627026 0
820905977 930627036 1
820905977 930627176 1
820905977 930627196 1
820905977 930627486 0
820905977 930627496 2
820905977 930627616 64
820905977 930627746 2
820905977 930627836 12
820905977 936423854 0
820905977 949601179 1
820905977 968561617 0
820905977 979517098 0
824038961 824038987 0
824038961 824039126 0
824038961 824039260 0
824038961 824039471 0
824038961 824039484 0
824038961 824039761 0
824038961 824039851 22
824038961 824039875 20
824038961 824040039 1
824038961 824040125 0
824038961 824040515 0
824038961 824040951 1
824038961 930626766 572
824038961 930626866 535
824038961 930626886 530
824038961 930626996 524
824038961 930627026 524
824038961 930627036 525
824038961 930627176 525
824038961 930627196 525
824038961 930627486 524
824038961 930627496 526
824038961 930627616 586
824038961 930627746 525
824038961 930627836 524
824038961 936423854 524
824038961 949601179 524
824038961 968561617 524
824038961 979517098 524
824038987 824039126 0
824038987 824039260 0
824038987 824039471 0
824038987 824039484 0
824038987 824039761 0
824038987 824039851 22
824038987 824039875 20
824038987 824040039 1
824038987 824040125 0
824038987 824040515 0
824038987 824040951 1
824038987 930626766 572
824038987 930626866 535
824038987 930626886 530
824038987 930626996 524
824038987 930627026 524
824038987 930627036 525
824038987 930627176 525
824038987 930627196 525
824038987 930627486 524
824038987 930627496 526
824038987 930627616 586
824038987 930627746 525
824038987 930627836 524
824038987 936423854 524
824038987 949601179 524
824038987 968561617 524
824038987 979517098 524
824039126 824039260 0
824039126 824039471 0
824039126 824039484 0
824039126 824039761 0
824039126 824039851 22
824039126 824039875 20
824039126 824040039 1
824039126 824040125 0
824039126 824040515 0
824039126 824040951 1
824039126 930626766 572
824039126 930626866 535
824039126 930626886 530
824039126 930626996 524
824039126 930627026 524
824039126 930627036 525
824039126 930627176 525
824039126 930627196 525
824039126 930627486 524
824039126 930627496 526
824039126 930627616 586
824039126 930627746 525
824039126 930627836 524
824039126 936423854 524
824039126 949601179 524
824039126 968561617 524
824039126 979517098 524
824039260 824039471 0
824039260 824039484 0
824039260 824039761 0
824039260 824039851 22
824039260 824039875 20
824039260 824040039 1
824039260 824040125 0
824039260 824040515 0
824039260 824040951 1
824039260 930626766 572
824039260 930626866 535
824039260 930626886 530
824039260 930626996 524
824039260 930627026 524
824039260 930627036 525
824039260 930627176 525
824039260 930627196 525
824039260 930627486 524
824039260 930627496 526
824039260 930627616 586
824039260 930627746 525
824039260 930627836 524
824039260 936423854 524
824039260 949601179 524
824039260 968561617 524
824039260 979517098 524
824039471 824039484 0
824039471 824039761 0
824039471 824039851 22
824039471 824039875 20
824039471 824040039 1
824039471 824040125 0
824039471 824040515 0
824039471 824040951 1
824039471 930626766 572
824039471 930626866 535
824039471 930626886 530
824039471 930626996 524
824039471 930627026 524
824039471 930627036 525
824039471 930627176 525
824039471 930627196 525
824039471 930627486 524
824039471 930627496 526
824039471 930627616 586
824039471 930627746 525
824039471 930627836 524
824039471 936423854 524
824039471 949601179 524
824039471 968561617 524
824039471 979517098 524
824039484 824039761 0
824039484 824039851 22
824039484 824039875 20
824039484 824040039 1
824039484 824040125 0
824039484 824040515 0
824039484 824040951 1
824039484 930626766 572
824039484 930626866 535
824039484 930626886 530
824039484 930626996 524
824039484 930627026 524
824039484 930627036 525
824039484 930627176 525
824039484 930627196 525
824039484 930627486 524
824039484 930627496 526
824039484 930627616 586
824039484 930627746 525
824039484 930627836 524
824039484 936423854 524
824039484 949601179 524
824039484 968561617 524
824039484 979517098 524
824039761 824039851 22
824039761 824039875 20
824039761 824040039 1
824039761 824040125 0
824039761 824040515 0
824039761 824040951 1
824039761 930626766 572
824039761 930626866 535
824039761 930626886 530
824039761 930626996 524
824039761 930627026 524
824039761 930627036 525
824039761 930627176 525
824039761 930627196 525
824039761 930627486 524
824039761 930627496 526
824039761 930627616 586
824039761 930627746 525
824039761 930627836 524
824039761 936423854 524
824039761 949601179 524
824039761 968561617 524
824039761 979517098 524
824039851 824039875 42
824039851 824040039 23
824039851 824040125 22
824039851 824040515 22
824039851 824040951 23
824039851 930626766 594
824039851 930626866 557
824039851 930626886 550
824039851 930626996 546
824039851 930627026 546
824039851 930627036 547
824039851 930627176 547
824039851 930627196 547
824039851 930627486 546
824039851 930627496 548
824039851 930627616 608
824039851 930627746 547
824039851 930627836 546
824039851 936423854 546
824039851 949601179 546
824039851 968561617 546
824039851 979517098 546
824039875 824040039 21
824039875 824040125 20
824039875 824040515 20
824039875 824040951 21
824039875 930626766 592
824039875 930626866 555
824039875 930626886 550
824039875 930626996 544
824039875 930627026 544
824039875 930627036 545
824039875 930627176 545
824039875 930627196 545
824039875 930627486 544
824039875 930627496 546
824039875 930627616 606
824039875 930627746 545
824039875 930627836 544
824039875 936423854 544
824039875 949601179 544
824039875 968561617 544
824039875 979517098 544
824040039 824040125 1
824040039 824040515 1
824040039 824040951 2
824040039 930626766 573
824040039 930626866 536
824040039 930626886 531
824040039 930626996 525
824040039 930627026 525
824040039 930627036 526
824040039 930627176 526
824040039 930627196 526
824040039 930627486 525
824040039 930627496 527
824040039 930627616 587
824040039 930627746 526
824040039 930627836 525
824040039 936423854 525
824040039 949601179 525
824040039 968561617 525
824040039 979517098 525
824040125 824040515 0
824040125 824040951 1
824040125 930626766 572
824040125 930626866 535
824040125 930626886 530
824040125 930626996 524
824040125 930627026 524
824040125 930627036 525
824040125 930627176 525
824040125 930627196 525
824040125 930627486 524
824040125 930627496 526
824040125 930627616 586
824040125 930627746 525
824040125 930627836 524
824040125 936423854 524
824040125 949601179 524
824040125 968561617 524
824040125 979517098 524
824040515 824040951 1
824040515 930626766 572
824040515 930626866 535
824040515 930626886 530
824040515 930626996 524
824040515 930627026 524
824040515 930627036 525
824040515 930627176 525
824040515 930627196 525
824040515 930627486 524
824040515 930627496 526
824040515 930627616 586
824040515 930627746 525
824040515 930627836 524
824040515 936423854 524
824040515 949601179 524
824040515 968561617 524
824040515 979517098 524
824040951 930626766 573
824040951 930626866 536
824040951 930626886 531
824040951 930626996 525
824040951 930627026 525
824040951 930627036 526
824040951 930627176 526
824040951 930627196 526
824040951 930627486 525
824040951 930627496 527
824040951 930627616 587
824040951 930627746 526
824040951 930627836 525
824040951 936423854 525
824040951 949601179 525
824040951 968561617 525
824040951 979517098 525
930626766 930626866 145
930626766 930626886 93
930626766 930626996 71
930626766 930627026 71
930626766 930627036 72
930626766 930627176 72
930626766 930627196 72
930626766 930627486 71
930626766 930627496 73
930626766 930627616 133
930626766 930627746 73
930626766 930627836 83
930626766 936423854 71
930626766 949601179 72
930626766 968561617 71
930626766 979517098 71
930626866 930626886 112
930626866 930626996 90
930626866 930627026 90
930626866 930627036 91
930626866 930627176 91
930626866 930627196 91
930626866 930627486 90
930626866 930627496 92
930626866 930627616 154
930626866 930627746 92
930626866 930627836 102
930626866 936423854 90
930626866 949601179 91
930626866 968561617 90
930626866 979517098 90
930626886 930626996 22
930626886 930627026 22
930626886 930627036 23
930626886 930627176 23
930626886 930627196 23
930626886 930627486 22
930626886 930627496 24
930626886 930627616 84
930626886 930627746 24
930626886 930627836 34
930626886 936423854 22
930626886 949601179 23
930626886 968561617 22
930626886 979517098 22
930626996 930627026 0
930626996 930627036 1
930626996 930627176 1
930626996 930627196 1
930626996 930627486 0
930626996 930627496 2
930626996 930627616 64
930626996 930627746 2
930626996 930627836 12
930626996 936423854 0
930626996 949601179 1
930626996 968561617 0
930626996 979517098 0
930627026 930627036 1
930627026 930627176 1
930627026 930627196 1
930627026 930627486 0
930627026 930627496 2
930627026 930627616 64
930627026 930627746 2
930627026 930627836 12
930627026 936423854 0
930627026 949601179 1
930627026 968561617 0
930627026 979517098 0
930627036 930627176 2
930627036 930627196 2
930627036 930627486 1
930627036 930627496 3
930627036 930627616 65
930627036 930627746 3
930627036 930627836 13
930627036 936423854 1
930627036 949601179 2
930627036 968561617 1
930627036 979517098 1
930627176 930627196 2
930627176 930627486 1
930627176 930627496 3
930627176 930627616 65
930627176 930627746 3
930627176 930627836 13
930627176 936423854 1
930627176 949601179 2
930627176 968561617 1
930627176 979517098 1
930627196 930627486 1
930627196 930627496 3
930627196 930627616 65
930627196 930627746 3
930627196 930627836 13
930627196 936423854 1
930627196 949601179 2
930627196 968561617 1
930627196 979517098 1
930627486 930627496 2
930627486 930627616 64
930627486 930627746 2
930627486 930627836 12
930627486 936423854 0
930627486 949601179 1
930627486 968561617 0
930627486 979517098 0
930627496 930627616 66
930627496 930627746 4
930627496 930627836 14
930627496 936423854 2
930627496 949601179 3
930627496 968561617 2
930627496 979517098 2
930627616 930627746 66
930627616 930627836 76
930627616 936423854 64
930627616 949601179 65
930627616 968561617 64
930627616 979517098 64
930627746 930627836 14
930627746 936423854 2
930627746 949601179 3
930627746 968561617 2
930627746 979517098 2
930627836 936423854 12
930627836 949601179 13
930627836 968561617 12
930627836 979517098 12
936423854 949601179 1
936423854 968561617 0
936423854 979517098 0
949601179 968561617 1
949601179 979517098 1
968561617 979517098 0