# Columns are as follows: sample_1 sample_2 distance
1013071302 1013071422 1
1013071302 1018445771 682
1013071302 1018445871 300
1013071302 436409269 94
1013071302 436409329 96
1013071302 436409349 106
1013071302 436409369 104
1013071302 436409419 106
1013071302 436409429 97
1013071302 436409439 100
1013071302 667852635 1
1013071302 674810554 5
1013071302 685509613 811
1013071302 760241947 76
1013071302 760241994 3
1013071302 760242017 1
1013071302 760242040 108
1013071302 760242166 76
1013071302 760242333 70
1013071302 760242399 105
1013071302 760242444 73
1013071302 760242670 3
1013071302 760242890 1
1013071302 760242914 4
1013071302 760242938 1
1013071302 760243319 1
1013071302 760243417 1
1013071302 760243527 1
1013071302 760243587 1
1013071302 807051501 182
1013071302 807051581 172
1013071302 807051831 66
1013071302 807051851 21
1013071302 807052171 2
1013071302 807052191 245
1013071302 807052210 2
1013071302 807052380 2
1013071302 807052420 9
1013071302 807052770 1
1013071302 807052820 5
1013071302 820743455 1
1013071302 820743465 5
1013071302 820743515 475
1013071302 820905197 4
1013071302 820905217 4
1013071302 820905567 5
1013071302 820905747 346
1013071302 820905767 2
1013071302 820905977 1
1013071302 824038961 754
1013071302 824038987 752
1013071302 824039126 752
1013071302 824039260 753
1013071302 824039471 752
1013071302 824039484 751
1013071302 824039761 751
1013071302 824039851 818
1013071302 824039875 761
1013071302 824040039 751
1013071302 824040125 752
1013071302 824040515 753
1013071302 824040951 752
1013071302 930626766 46
1013071302 930626866 1
1013071302 930626886 207
1013071302 930626996 3
1013071302 930627026 3
1013071302 930627036 1
1013071302 930627176 46
1013071302 930627196 2
1013071302 930627486 4
1013071302 930627496 24
1013071302 930627616 2
1013071302 930627746 47
1013071302 930627836 2
1013071302 936423854 3
1013071302 949601179 3
1013071302 968561617 9
1013071302 979517098 3
1013071422 1018445771 682
1013071422 1018445871 300
1013071422 436409269 93
1013071422 436409329 95
1013071422 436409349 105
1013071422 436409369 103
1013071422 436409419 105
1013071422 436409429 96
1013071422 436409439 99
1013071422 667852635 0
1013071422 674810554 4
1013071422 685509613 811
1013071422 760241947 76
1013071422 760241994 2
1013071422 760242017 0
1013071422 760242040 108
1013071422 760242166 76
1013071422 760242333 70
1013071422 760242399 105
1013071422 760242444 73
1013071422 760242670 2
1013071422 760242890 0
1013071422 760242914 3
1013071422 760242938 0
1013071422 760243319 0
1013071422 760243417 0
1013071422 760243527 0
1013071422 760243587 0
1013071422 807051501 182
1013071422 807051581 172
1013071422 807051831 66
1013071422 807051851 20
1013071422 807052171 1
1013071422 807052191 244
1013071422 807052210 1
1013071422 807052380 1
1013071422 807052420 8
1013071422 807052770 0
1013071422 807052820 4
1013071422 820743455 0
1013071422 820743465 4
1013071422 820743515 475
1013071422 820905197 3
1013071422 820905217 3
1013071422 820905567 4
1013071422 820905747 346
1013071422 820905767 1
1013071422 820905977 0
1013071422 824038961 754
1013071422 824038987 752
1013071422 824039126 752
1013071422 824039260 753
1013071422 824039471 752
1013071422 824039484 751
1013071422 824039761 751
1013071422 824039851 818
1013071422 824039875 761
1013071422 824040039 751
1013071422 824040125 752
1013071422 824040515 753
1013071422 824040951 752
1013071422 930626766 46
1013071422 930626866 0
1013071422 930626886 208
1013071422 930626996 2
1013071422 930627026 2
1013071422 930627036 0
1013071422 930627176 46
1013071422 930627196 1
1013071422 930627486 3
1013071422 930627496 24
1013071422 930627616 1
1013071422 930627746 47
1013071422 930627836 1
1013071422 936423854 2
1013071422 949601179 2
1013071422 968561617 8
1013071422 979517098 2
1018445771 1018445871 812
1018445771 436409269 755
1018445771 436409329 757
1018445771 436409349 763
1018445771 436409369 761
1018445771 436409419 764
1018445771 436409429 756
1018445771 436409439 760
1018445771 667852635 682
1018445771 674810554 684
1018445771 685509613 1284
1018445771 760241947 610
1018445771 760241994 682
1018445771 760242017 682
1018445771 760242040 627
1018445771 760242166 606
1018445771 760242333 612
1018445771 760242399 625
1018445771 760242444 609
1018445771 760242670 682
1018445771 760242890 682
1018445771 760242914 683
1018445771 760242938 682
1018445771 760243319 682
1018445771 760243417 682
1018445771 760243527 682
1018445771 760243587 682
1018445771 807051501 545
1018445771 807051581 558
1018445771 807051831 616
1018445771 807051851 662
1018445771 807052171 683
1018445771 807052191 520
1018445771 807052210 683
1018445771 807052380 683
1018445771 807052420 675
1018445771 807052770 682
1018445771 807052820 678
1018445771 820743455 682
1018445771 820743465 685
1018445771 820743515 701
1018445771 820905197 683
1018445771 820905217 683
1018445771 820905567 686
1018445771 820905747 814
1018445771 820905767 683
1018445771 820905977 682
1018445771 824038961 1247
1018445771 824038987 1246
1018445771 824039126 1246
1018445771 824039260 1247
1018445771 824039471 1245
1018445771 824039484 1245
1018445771 824039761 1245
1018445771 824039851 1310
1018445771 824039875 1255
1018445771 824040039 1245
1018445771 824040125 1246
1018445771 824040515 1247
1018445771 824040951 1245
1018445771 930626766 636
1018445771 930626866 682
1018445771 930626886 728
1018445771 930626996 684
1018445771 930627026 683
1018445771 930627036 682
1018445771 930627176 638
1018445771 930627196 683
1018445771 930627486 684
1018445771 930627496 662
1018445771 930627616 683
1018445771 930627746 637
1018445771 930627836 683
1018445771 936423854 684
1018445771 949601179 682
1018445771 968561617 676
1018445771 979517098 684
1018445871 436409269 380
1018445871 436409329 382
1018445871 436409349 392
1018445871 436409369 390
1018445871 436409419 393
1018445871 436409429 387
1018445871 436409439 387
1018445871 667852635 300
1018445871 674810554 304
1018445871 685509613 922
1018445871 760241947 252
1018445871 760241994 302
1018445871 760242017 300
1018445871 760242040 284
1018445871 760242166 253
1018445871 760242333 246
1018445871 760242399 281
1018445871 760242444 249
1018445871 760242670 302
1018445871 760242890 300
1018445871 760242914 303
1018445871 760242938 300
1018445871 760243319 300
1018445871 760243417 300
1018445871 760243527 300
1018445871 760243587 300
1018445871 807051501 358
1018445871 807051581 348
1018445871 807051831 242
1018445871 807051851 280
1018445871 807052171 301
1018445871 807052191 544
1018445871 807052210 301
1018445871 807052380 301
1018445871 807052420 294
1018445871 807052770 300
1018445871 807052820 304
1018445871 820743455 300
1018445871 820743465 303
1018445871 820743515 651
1018445871 820905197 303
1018445871 820905217 303
1018445871 820905567 304
1018445871 820905747 475
1018445871 820905767 301
1018445871 820905977 300
1018445871 824038961 872
1018445871 824038987 870
1018445871 824039126 870
1018445871 824039260 871
1018445871 824039471 870
1018445871 824039484 869
1018445871 824039761 869
1018445871 824039851 936
1018445871 824039875 879
1018445871 824040039 869
1018445871 824040125 870
1018445871 824040515 871
1018445871 824040951 870
1018445871 930626766 254
1018445871 930626866 300
1018445871 930626886 384
1018445871 930626996 302
1018445871 930627026 302
1018445871 930627036 300
1018445871 930627176 256
1018445871 930627196 301
1018445871 930627486 303
1018445871 930627496 280
1018445871 930627616 301
1018445871 930627746 255
1018445871 930627836 301
1018445871 936423854 302
1018445871 949601179 302
1018445871 968561617 308
1018445871 979517098 302
436409269 436409329 2
436409269 436409349 75
436409269 436409369 73
436409269 436409419 74
436409269 436409429 64
436409269 436409439 66
436409269 667852635 93
436409269 674810554 93
436409269 685509613 792
436409269 760241947 167
436409269 760241994 95
436409269 760242017 93
436409269 760242040 195
436409269 760242166 166
436409269 760242333 161
436409269 760242399 192
436409269 760242444 164
436409269 760242670 95
436409269 760242890 93
436409269 760242914 96
436409269 760242938 93
436409269 760243319 93
436409269 760243417 93
436409269 760243527 93
436409269 760243587 93
436409269 807051501 271
436409269 807051581 260
436409269 807051831 157
436409269 807051851 113
436409269 807052171 94
436409269 807052191 324
436409269 807052210 94
436409269 807052380 94
436409269 807052420 101
436409269 807052770 93
436409269 807052820 97
436409269 820743455 93
436409269 820743465 93
436409269 820743515 546
436409269 820905197 96
436409269 820905217 96
436409269 820905567 97
436409269 820905747 425
436409269 820905767 94
436409269 820905977 93
436409269 824038961 805
436409269 824038987 805
436409269 824039126 805
436409269 824039260 802
436409269 824039471 805
436409269 824039484 804
436409269 824039761 804
436409269 824039851 869
436409269 824039875 814
436409269 824040039 804
436409269 824040125 805
436409269 824040515 802
436409269 824040951 805
436409269 930626766 139
436409269 930626866 93
436409269 930626886 285
436409269 930626996 95
436409269 930627026 95
436409269 930627036 93
436409269 930627176 139
436409269 930627196 94
436409269 930627486 94
436409269 930627496 117
436409269 930627616 94
436409269 930627746 140
436409269 930627836 94
436409269 936423854 91
436409269 949601179 95
436409269 968561617 101
436409269 979517098 91
436409329 436409349 77
436409329 436409369 73
436409329 436409419 76
436409329 436409429 66
436409329 436409439 68
436409329 667852635 95
436409329 674810554 95
436409329 685509613 792
436409329 760241947 169
436409329 760241994 97
436409329 760242017 95
436409329 760242040 197
436409329 760242166 168
436409329 760242333 163
436409329 760242399 194
436409329 760242444 166
436409329 760242670 97
436409329 760242890 95
436409329 760242914 98
436409329 760242938 95
436409329 760243319 95
436409329 760243417 95
436409329 760243527 95
436409329 760243587 95
436409329 807051501 273
436409329 807051581 262
436409329 807051831 159
436409329 807051851 115
436409329 807052171 96
436409329 807052191 326
436409329 807052210 96
436409329 807052380 96
436409329 807052420 103
436409329 807052770 95
436409329 807052820 99
436409329 820743455 95
436409329 820743465 95
436409329 820743515 547
436409329 820905197 98
436409329 820905217 98
436409329 820905567 99
436409329 820905747 426
436409329 820905767 96
436409329 820905977 95
436409329 824038961 805
436409329 824038987 805
436409329 824039126 805
436409329 824039260 802
436409329 824039471 805
436409329 824039484 804
436409329 824039761 804
436409329 824039851 869
436409329 824039875 814
436409329 824040039 804
436409329 824040125 805
436409329 824040515 802
436409329 824040951 805
436409329 930626766 141
436409329 930626866 95
436409329 930626886 286
436409329 930626996 97
436409329 930627026 97
436409329 930627036 95
436409329 930627176 141
436409329 930627196 96
436409329 930627486 96
436409329 930627496 119
436409329 930627616 96
436409329 930627746 142
436409329 930627836 96
436409329 936423854 93
436409329 949601179 97
436409329 968561617 103
436409329 979517098 93
436409349 436409369 15
436409349 436409419 31
436409349 436409429 73
436409349 436409439 43
436409349 667852635 105
436409349 674810554 105
436409349 685509613 772
436409349 760241947 178
436409349 760241994 107
436409349 760242017 105
436409349 760242040 207
436409349 760242166 179
436409349 760242333 174
436409349 760242399 204
436409349 760242444 177
436409349 760242670 107
436409349 760242890 105
436409349 760242914 108
436409349 760242938 105
436409349 760243319 105
436409349 760243417 105
436409349 760243527 105
436409349 760243587 105
436409349 807051501 282
436409349 807051581 272
436409349 807051831 170
436409349 807051851 125
436409349 807052171 106
436409349 807052191 337
436409349 807052210 106
436409349 807052380 104
436409349 807052420 113
436409349 807052770 105
436409349 807052820 108
436409349 820743455 105
436409349 820743465 105
436409349 820743515 562
436409349 820905197 108
436409349 820905217 108
436409349 820905567 109
436409349 820905747 435
436409349 820905767 106
436409349 820905977 105
436409349 824038961 815
436409349 824038987 815
436409349 824039126 813
436409349 824039260 812
436409349 824039471 815
436409349 824039484 814
436409349 824039761 814
436409349 824039851 878
436409349 824039875 824
436409349 824040039 814
436409349 824040125 813
436409349 824040515 812
436409349 824040951 815
436409349 930626766 151
436409349 930626866 105
436409349 930626886 302
436409349 930626996 107
436409349 930627026 107
436409349 930627036 105
436409349 930627176 149
436409349 930627196 106
436409349 930627486 104
436409349 930627496 129
436409349 930627616 106
436409349 930627746 152
436409349 930627836 106
436409349 936423854 103
436409349 949601179 107
436409349 968561617 113
436409349 979517098 103
436409369 436409419 30
436409369 436409429 71
436409369 436409439 42
436409369 667852635 103
436409369 674810554 103
436409369 685509613 769
436409369 760241947 176
436409369 760241994 105
436409369 760242017 103
436409369 760242040 205
436409369 760242166 177
436409369 760242333 172
436409369 760242399 202
436409369 760242444 175
436409369 760242670 105
436409369 760242890 103
436409369 760242914 106
436409369 760242938 103
436409369 760243319 103
436409369 760243417 103
436409369 760243527 103
436409369 760243587 103
436409369 807051501 279
436409369 807051581 269
436409369 807051831 168
436409369 807051851 123
436409369 807052171 104
436409369 807052191 335
436409369 807052210 104
436409369 807052380 102
436409369 807052420 111
436409369 807052770 103
436409369 807052820 106
436409369 820743455 103
436409369 820743465 103
436409369 820743515 561
436409369 820905197 106
436409369 820905217 106
436409369 820905567 107
436409369 820905747 432
436409369 820905767 104
436409369 820905977 103
436409369 824038961 811
436409369 824038987 811
436409369 824039126 809
436409369 824039260 808
436409369 824039471 811
436409369 824039484 810
436409369 824039761 810
436409369 824039851 875
436409369 824039875 820
436409369 824040039 810
436409369 824040125 809
436409369 824040515 808
436409369 824040951 811
436409369 930626766 149
436409369 930626866 103
436409369 930626886 300
436409369 930626996 105
436409369 930627026 105
436409369 930627036 103
436409369 930627176 149
436409369 930627196 104
436409369 930627486 102
436409369 930627496 127
436409369 930627616 104
436409369 930627746 150
436409369 930627836 104
436409369 936423854 101
436409369 949601179 105
436409369 968561617 111
436409369 979517098 101
436409419 436409429 72
436409419 436409439 42
436409419 667852635 105
436409419 674810554 105
436409419 685509613 771
436409419 760241947 180
436409419 760241994 107
436409419 760242017 105
436409419 760242040 207
436409419 760242166 179
436409419 760242333 174
436409419 760242399 204
436409419 760242444 177
436409419 760242670 107
436409419 760242890 105
436409419 760242914 108
436409419 760242938 105
436409419 760243319 105
436409419 760243417 105
436409419 760243527 105
436409419 760243587 105
436409419 807051501 282
436409419 807051581 273
436409419 807051831 170
436409419 807051851 125
436409419 807052171 106
436409419 807052191 338
436409419 807052210 106
436409419 807052380 106
436409419 807052420 113
436409419 807052770 105
436409419 807052820 109
436409419 820743455 105
436409419 820743465 105
436409419 820743515 562
436409419 820905197 108
436409419 820905217 108
436409419 820905567 109
436409419 820905747 434
436409419 820905767 106
436409419 820905977 105
436409419 824038961 812
436409419 824038987 812
436409419 824039126 810
436409419 824039260 809
436409419 824039471 812
436409419 824039484 811
436409419 824039761 811
436409419 824039851 876
436409419 824039875 821
436409419 824040039 811
436409419 824040125 810
436409419 824040515 809
436409419 824040951 812
436409419 930626766 151
436409419 930626866 105
436409419 930626886 301
436409419 930626996 107
436409419 930627026 107
436409419 930627036 105
436409419 930627176 151
436409419 930627196 106
436409419 930627486 104
436409419 930627496 129
436409419 930627616 106
436409419 930627746 152
436409419 930627836 106
436409419 936423854 103
436409419 949601179 107
436409419 968561617 113
436409419 979517098 103
436409429 436409439 66
436409429 667852635 96
436409429 674810554 96
436409429 685509613 796
436409429 760241947 171
436409429 760241994 98
436409429 760242017 96
436409429 760242040 197
436409429 760242166 170
436409429 760242333 165
436409429 760242399 194
436409429 760242444 168
436409429 760242670 98
436409429 760242890 96
436409429 760242914 99
436409429 760242938 96
436409429 760243319 96
436409429 760243417 96
436409429 760243527 96
436409429 760243587 96
436409429 807051501 273
436409429 807051581 264
436409429 807051831 161
436409429 807051851 116
436409429 807052171 97
436409429 807052191 326
436409429 807052210 97
436409429 807052380 97
436409429 807052420 104
436409429 807052770 96
436409429 807052820 100
436409429 820743455 96
436409429 820743465 96
436409429 820743515 551
436409429 820905197 99
436409429 820905217 99
436409429 820905567 100
436409429 820905747 429
436409429 820905767 97
436409429 820905977 96
436409429 824038961 809
436409429 824038987 809
436409429 824039126 809
436409429 824039260 806
436409429 824039471 809
436409429 824039484 808
436409429 824039761 808
436409429 824039851 873
436409429 824039875 818
436409429 824040039 808
436409429 824040125 809
436409429 824040515 806
436409429 824040951 809
436409429 930626766 142
436409429 930626866 96
436409429 930626886 288
436409429 930626996 98
436409429 930627026 98
436409429 930627036 96
436409429 930627176 142
436409429 930627196 97
436409429 930627486 95
436409429 930627496 120
436409429 930627616 97
436409429 930627746 143
436409429 930627836 97
436409429 936423854 94
436409429 949601179 98
436409429 968561617 104
436409429 979517098 94
436409439 667852635 99
436409439 674810554 99
436409439 685509613 778
436409439 760241947 174
436409439 760241994 101
436409439 760242017 99
436409439 760242040 202
436409439 760242166 173
436409439 760242333 168
436409439 760242399 199
436409439 760242444 171
436409439 760242670 101
436409439 760242890 99
436409439 760242914 102
436409439 760242938 99
436409439 760243319 99
436409439 760243417 99
436409439 760243527 99
436409439 760243587 99
436409439 807051501 276
436409439 807051581 268
436409439 807051831 164
436409439 807051851 119
436409439 807052171 100
436409439 807052191 332
436409439 807052210 100
436409439 807052380 100
436409439 807052420 107
436409439 807052770 99
436409439 807052820 103
436409439 820743455 99
436409439 820743465 99
436409439 820743515 557
436409439 820905197 102
436409439 820905217 102
436409439 820905567 103
436409439 820905747 432
436409439 820905767 100
436409439 820905977 99
436409439 824038961 807
436409439 824038987 807
436409439 824039126 805
436409439 824039260 804
436409439 824039471 807
436409439 824039484 806
436409439 824039761 806
436409439 824039851 871
436409439 824039875 816
436409439 824040039 806
436409439 824040125 805
436409439 824040515 804
436409439 824040951 807
436409439 930626766 145
436409439 930626866 99
436409439 930626886 296
436409439 930626996 101
436409439 930627026 101
436409439 930627036 99
436409439 930627176 145
436409439 930627196 100
436409439 930627486 100
436409439 930627496 123
436409439 930627616 100
436409439 930627746 146
436409439 930627836 100
436409439 936423854 97
436409439 949601179 101
436409439 968561617 107
436409439 979517098 97
667852635 674810554 4
667852635 685509613 811
667852635 760241947 76
667852635 760241994 2
667852635 760242017 0
667852635 760242040 108
667852635 760242166 76
667852635 760242333 70
667852635 760242399 105
667852635 760242444 73
667852635 760242670 2
667852635 760242890 0
667852635 760242914 3
667852635 760242938 0
667852635 760243319 0
667852635 760243417 0
667852635 760243527 0
667852635 760243587 0
667852635 807051501 182
667852635 807051581 172
667852635 807051831 66
667852635 807051851 20
667852635 807052171 1
667852635 807052191 244
667852635 807052210 1
667852635 807052380 1
667852635 807052420 8
667852635 807052770 0
667852635 807052820 4
667852635 820743455 0
667852635 820743465 4
667852635 820743515 475
667852635 820905197 3
667852635 820905217 3
667852635 820905567 4
667852635 820905747 346
667852635 820905767 1
667852635 820905977 0
667852635 824038961 754
667852635 824038987 752
667852635 824039126 752
667852635 824039260 753
667852635 824039471 752
667852635 824039484 751
667852635 824039761 751
667852635 824039851 818
667852635 824039875 761
667852635 824040039 751
667852635 824040125 752
667852635 824040515 753
667852635 824040951 752
667852635 930626766 46
667852635 930626866 0
667852635 930626886 208
667852635 930626996 2
667852635 930627026 2
667852635 930627036 0
667852635 930627176 46
667852635 930627196 1
667852635 930627486 3
667852635 930627496 24
667852635 930627616 1
667852635 930627746 47
667852635 930627836 1
667852635 936423854 2
667852635 949601179 2
667852635 968561617 8
667852635 979517098 2
674810554 685509613 811
674810554 760241947 80
674810554 760241994 6
674810554 760242017 4
674810554 760242040 112
674810554 760242166 80
674810554 760242333 74
674810554 760242399 109
674810554 760242444 77
674810554 760242670 6
674810554 760242890 4
674810554 760242914 7
674810554 760242938 4
674810554 760243319 4
674810554 760243417 4
674810554 760243527 4
674810554 760243587 4
674810554 807051501 186
674810554 807051581 176
674810554 807051831 70
674810554 807051851 24
674810554 807052171 5
674810554 807052191 246
674810554 807052210 5
674810554 807052380 5
674810554 807052420 12
674810554 807052770 4
674810554 807052820 8
674810554 820743455 4
674810554 820743465 4
674810554 820743515 478
674810554 820905197 7
674810554 820905217 7
674810554 820905567 8
674810554 820905747 350
674810554 820905767 5
674810554 820905977 4
674810554 824038961 756
674810554 824038987 756
674810554 824039126 756
674810554 824039260 753
674810554 824039471 756
674810554 824039484 755
674810554 824039761 755
674810554 824039851 822
674810554 824039875 765
674810554 824040039 755
674810554 824040125 756
674810554 824040515 753
674810554 824040951 756
674810554 930626766 50
674810554 930626866 4
674810554 930626886 212
674810554 930626996 6
674810554 930627026 6
674810554 930627036 4
674810554 930627176 50
674810554 930627196 5
674810554 930627486 7
674810554 930627496 28
674810554 930627616 5
674810554 930627746 51
674810554 930627836 5
674810554 936423854 2
674810554 949601179 6
674810554 968561617 12
674810554 979517098 2
685509613 760241947 739
685509613 760241994 811
685509613 760242017 811
685509613 760242040 705
685509613 760242166 735
685509613 760242333 741
685509613 760242399 706
685509613 760242444 738
685509613 760242670 811
685509613 760242890 811
685509613 760242914 811
685509613 760242938 811
685509613 760243319 811
685509613 760243417 811
685509613 760243527 811
685509613 760243587 811
685509613 807051501 848
685509613 807051581 838
685509613 807051831 745
685509613 807051851 791
685509613 807052171 811
685509613 807052191 1020
685509613 807052210 811
685509613 807052380 812
685509613 807052420 805
685509613 807052770 811
685509613 807052820 815
685509613 820743455 811
685509613 820743465 809
685509613 820743515 924
685509613 820905197 812
685509613 820905217 812
685509613 820905567 813
685509613 820905747 712
685509613 820905767 812
685509613 820905977 811
685509613 824038961 68
685509613 824038987 68
685509613 824039126 66
685509613 824039260 65
685509613 824039471 68
685509613 824039484 67
685509613 824039761 67
685509613 824039851 132
685509613 824039875 77
685509613 824040039 68
685509613 824040125 66
685509613 824040515 65
685509613 824040951 68
685509613 930626766 765
685509613 930626866 811
685509613 930626886 632
685509613 930626996 813
685509613 930627026 812
685509613 930627036 811
685509613 930627176 767
685509613 930627196 811
685509613 930627486 811
685509613 930627496 790
685509613 930627616 812
685509613 930627746 766
685509613 930627836 812
685509613 936423854 809
685509613 949601179 811
685509613 968561617 819
685509613 979517098 809
760241947 760241994 74
760241947 760242017 76
760241947 760242040 36
760241947 760242166 7
760241947 760242333 6
760241947 760242399 35
760241947 760242444 3
760241947 760242670 74
760241947 760242890 76
760241947 760242914 75
760241947 760242938 76
760241947 760243319 76
760241947 760243417 76
760241947 760243527 76
760241947 760243587 76
760241947 807051501 116
760241947 807051581 106
760241947 807051831 10
760241947 807051851 56
760241947 807052171 77
760241947 807052191 320
760241947 807052210 77
760241947 807052380 77
760241947 807052420 70
760241947 807052770 76
760241947 807052820 80
760241947 820743455 76
760241947 820743465 79
760241947 820743515 404
760241947 820905197 75
760241947 820905217 75
760241947 820905567 80
760241947 820905747 274
760241947 820905767 77
760241947 820905977 76
760241947 824038961 682
760241947 824038987 680
760241947 824039126 680
760241947 824039260 681
760241947 824039471 680
760241947 824039484 679
760241947 824039761 679
760241947 824039851 746
760241947 824039875 689
760241947 824040039 679
760241947 824040125 680
760241947 824040515 681
760241947 824040951 680
760241947 930626766 30
760241947 930626866 76
760241947 930626886 138
760241947 930626996 78
760241947 930627026 78
760241947 930627036 76
760241947 930627176 32
760241947 930627196 77
760241947 930627486 79
760241947 930627496 56
760241947 930627616 77
760241947 930627746 31
760241947 930627836 77
760241947 936423854 78
760241947 949601179 74
760241947 968561617 84
760241947 979517098 78
760241994 760242017 2
760241994 760242040 108
760241994 760242166 78
760241994 760242333 72
760241994 760242399 107
760241994 760242444 75
760241994 760242670 0
760241994 760242890 2
760241994 760242914 1
760241994 760242938 2
760241994 760243319 2
760241994 760243417 2
760241994 760243527 2
760241994 760243587 2
760241994 807051501 184
760241994 807051581 174
760241994 807051831 68
760241994 807051851 22
760241994 807052171 3
760241994 807052191 246
760241994 807052210 3
760241994 807052380 3
760241994 807052420 10
760241994 807052770 2
760241994 807052820 6
760241994 820743455 2
760241994 820743465 6
760241994 820743515 476
760241994 820905197 1
760241994 820905217 1
760241994 820905567 6
760241994 820905747 346
760241994 820905767 3
760241994 820905977 2
760241994 824038961 754
760241994 824038987 752
760241994 824039126 752
760241994 824039260 753
760241994 824039471 752
760241994 824039484 751
760241994 824039761 751
760241994 824039851 818
760241994 824039875 761
760241994 824040039 751
760241994 824040125 752
760241994 824040515 753
760241994 824040951 752
760241994 930626766 48
760241994 930626866 2
760241994 930626886 210
760241994 930626996 4
760241994 930627026 4
760241994 930627036 2
760241994 930627176 48
760241994 930627196 3
760241994 930627486 5
760241994 930627496 26
760241994 930627616 3
760241994 930627746 49
760241994 930627836 3
760241994 936423854 4
760241994 949601179 0
760241994 968561617 10
760241994 979517098 4
760242017 760242040 108
760242017 760242166 76
760242017 760242333 70
760242017 760242399 105
760242017 760242444 73
760242017 760242670 2
760242017 760242890 0
760242017 760242914 3
760242017 760242938 0
760242017 760243319 0
760242017 760243417 0
760242017 760243527 0
760242017 760243587 0
760242017 807051501 182
760242017 807051581 172
760242017 807051831 66
760242017 807051851 20
760242017 807052171 1
760242017 807052191 244
760242017 807052210 1
760242017 807052380 1
760242017 807052420 8
760242017 807052770 0
760242017 807052820 4
760242017 820743455 0
760242017 820743465 4
760242017 820743515 475
760242017 820905197 3
760242017 820905217 3
760242017 820905567 4
760242017 820905747 346
760242017 820905767 1
760242017 820905977 0
760242017 824038961 754
760242017 824038987 752
760242017 824039126 752
760242017 824039260 753
760242017 824039471 752
760242017 824039484 751
760242017 824039761 751
760242017 824039851 818
760242017 824039875 761
760242017 824040039 751
760242017 824040125 752
760242017 824040515 753
760242017 824040951 752
760242017 930626766 46
760242017 930626866 0
760242017 930626886 208
760242017 930626996 2
760242017 930627026 2
760242017 930627036 0
760242017 930627176 46
760242017 930627196 1
760242017 930627486 3
760242017 930627496 24
760242017 930627616 1
760242017 930627746 47
760242017 930627836 1
760242017 936423854 2
760242017 949601179 2
760242017 968561617 8
760242017 979517098 2
760242040 760242166 32
760242040 760242333 38
760242040 760242399 3
760242040 760242444 35
760242040 760242670 108
760242040 760242890 108
760242040 760242914 109
760242040 760242938 108
760242040 760243319 108
760242040 760243417 108
760242040 760243527 108
760242040 760243587 108
760242040 807051501 148
760242040 807051581 138
760242040 807051831 42
760242040 807051851 88
760242040 807052171 109
760242040 807052191 352
760242040 807052210 107
760242040 807052380 109
760242040 807052420 102
760242040 807052770 108
760242040 807052820 112
760242040 820743455 108
760242040 820743465 110
760242040 820743515 371
760242040 820905197 109
760242040 820905217 109
760242040 820905567 112
760242040 820905747 241
760242040 820905767 109
760242040 820905977 108
760242040 824038961 648
760242040 824038987 646
760242040 824039126 646
760242040 824039260 647
760242040 824039471 646
760242040 824039484 645
760242040 824039761 645
760242040 824039851 712
760242040 824039875 655
760242040 824040039 645
760242040 824040125 646
760242040 824040515 647
760242040 824040951 646
760242040 930626766 62
760242040 930626866 108
760242040 930626886 104
760242040 930626996 110
760242040 930627026 110
760242040 930627036 108
760242040 930627176 64
760242040 930627196 109
760242040 930627486 110
760242040 930627496 88
760242040 930627616 109
760242040 930627746 63
760242040 930627836 109
760242040 936423854 110
760242040 949601179 108
760242040 968561617 116
760242040 979517098 110
760242166 760242333 7
760242166 760242399 29
760242166 760242444 4
760242166 760242670 78
760242166 760242890 76
760242166 760242914 79
760242166 760242938 76
760242166 760243319 76
760242166 760243417 76
760242166 760243527 76
760242166 760243587 76
760242166 807051501 117
760242166 807051581 107
760242166 807051831 11
760242166 807051851 56
760242166 807052171 77
760242166 807052191 320
760242166 807052210 77
760242166 807052380 77
760242166 807052420 70
760242166 807052770 76
760242166 807052820 80
760242166 820743455 76
760242166 820743465 79
760242166 820743515 399
760242166 820905197 79
760242166 820905217 79
760242166 820905567 80
760242166 820905747 270
760242166 820905767 77
760242166 820905977 76
760242166 824038961 678
760242166 824038987 676
760242166 824039126 676
760242166 824039260 677
760242166 824039471 676
760242166 824039484 675
760242166 824039761 675
760242166 824039851 742
760242166 824039875 685
760242166 824040039 675
760242166 824040125 676
760242166 824040515 677
760242166 824040951 676
760242166 930626766 30
760242166 930626866 76
760242166 930626886 132
760242166 930626996 78
760242166 930627026 78
760242166 930627036 76
760242166 930627176 32
760242166 930627196 77
760242166 930627486 79
760242166 930627496 56
760242166 930627616 77
760242166 930627746 31
760242166 930627836 77
760242166 936423854 78
760242166 949601179 78
760242166 968561617 84
760242166 979517098 78
760242333 760242399 35
760242333 760242444 3
760242333 760242670 72
760242333 760242890 70
760242333 760242914 73
760242333 760242938 70
760242333 760243319 70
760242333 760243417 70
760242333 760243527 70
760242333 760243587 70
760242333 807051501 112
760242333 807051581 102
760242333 807051831 4
760242333 807051851 50
760242333 807052171 71
760242333 807052191 314
760242333 807052210 71
760242333 807052380 71
760242333 807052420 64
760242333 807052770 70
760242333 807052820 74
760242333 820743455 70
760242333 820743465 73
760242333 820743515 405
760242333 820905197 73
760242333 820905217 73
760242333 820905567 74
760242333 820905747 276
760242333 820905767 71
760242333 820905977 70
760242333 824038961 684
760242333 824038987 682
760242333 824039126 682
760242333 824039260 683
760242333 824039471 682
760242333 824039484 681
760242333 824039761 681
760242333 824039851 748
760242333 824039875 691
760242333 824040039 681
760242333 824040125 682
760242333 824040515 683
760242333 824040951 682
760242333 930626766 24
760242333 930626866 70
760242333 930626886 138
760242333 930626996 72
760242333 930627026 72
760242333 930627036 70
760242333 930627176 26
760242333 930627196 71
760242333 930627486 73
760242333 930627496 50
760242333 930627616 71
760242333 930627746 25
760242333 930627836 71
760242333 936423854 72
760242333 949601179 72
760242333 968561617 78
760242333 979517098 72
760242399 760242444 32
760242399 760242670 107
760242399 760242890 105
760242399 760242914 108
760242399 760242938 105
760242399 760243319 105
760242399 760243417 105
760242399 760243527 105
760242399 760243587 105
760242399 807051501 145
760242399 807051581 135
760242399 807051831 39
760242399 807051851 85
760242399 807052171 106
760242399 807052191 349
760242399 807052210 106
760242399 807052380 106
760242399 807052420 99
760242399 807052770 105
760242399 807052820 109
760242399 820743455 105
760242399 820743465 107
760242399 820743515 370
760242399 820905197 108
760242399 820905217 108
760242399 820905567 109
760242399 820905747 241
760242399 820905767 106
760242399 820905977 105
760242399 824038961 649
760242399 824038987 647
760242399 824039126 647
760242399 824039260 648
760242399 824039471 647
760242399 824039484 646
760242399 824039761 646
760242399 824039851 713
760242399 824039875 656
760242399 824040039 646
760242399 824040125 647
760242399 824040515 648
760242399 824040951 647
760242399 930626766 59
760242399 930626866 105
760242399 930626886 103
760242399 930626996 107
760242399 930627026 107
760242399 930627036 105
760242399 930627176 61
760242399 930627196 106
760242399 930627486 107
760242399 930627496 85
760242399 930627616 106
760242399 930627746 60
760242399 930627836 106
760242399 936423854 107
760242399 949601179 107
760242399 968561617 113
760242399 979517098 107
760242444 760242670 75
760242444 760242890 73
760242444 760242914 76
760242444 760242938 73
760242444 760243319 73
760242444 760243417 73
760242444 760243527 73
760242444 760243587 73
760242444 807051501 113
760242444 807051581 103
760242444 807051831 7
760242444 807051851 53
760242444 807052171 74
760242444 807052191 317
760242444 807052210 74
760242444 807052380 74
760242444 807052420 67
760242444 807052770 73
760242444 807052820 77
760242444 820743455 73
760242444 820743465 76
760242444 820743515 402
760242444 820905197 76
760242444 820905217 76
760242444 820905567 77
760242444 820905747 273
760242444 820905767 74
760242444 820905977 73
760242444 824038961 681
760242444 824038987 679
760242444 824039126 679
760242444 824039260 680
760242444 824039471 679
760242444 824039484 678
760242444 824039761 678
760242444 824039851 745
760242444 824039875 688
760242444 824040039 678
760242444 824040125 679
760242444 824040515 680
760242444 824040951 679
760242444 930626766 27
760242444 930626866 73
760242444 930626886 135
760242444 930626996 75
760242444 930627026 75
760242444 930627036 73
760242444 930627176 29
760242444 930627196 74
760242444 930627486 76
760242444 930627496 53
760242444 930627616 74
760242444 930627746 28
760242444 930627836 74
760242444 936423854 75
760242444 949601179 75
760242444 968561617 81
760242444 979517098 75
760242670 760242890 2
760242670 760242914 1
760242670 760242938 2
760242670 760243319 2
760242670 760243417 2
760242670 760243527 2
760242670 760243587 2
760242670 807051501 184
760242670 807051581 174
760242670 807051831 68
760242670 807051851 22
760242670 807052171 3
760242670 807052191 246
760242670 807052210 3
760242670 807052380 3
760242670 807052420 10
760242670 807052770 2
760242670 807052820 6
760242670 820743455 2
760242670 820743465 6
760242670 820743515 476
760242670 820905197 1
760242670 820905217 1
760242670 820905567 6
760242670 820905747 346
760242670 820905767 3
760242670 820905977 2
760242670 824038961 754
760242670 824038987 752
760242670 824039126 752
760242670 824039260 753
760242670 824039471 752
760242670 824039484 751
760242670 824039761 751
760242670 824039851 818
760242670 824039875 761
760242670 824040039 751
760242670 824040125 752
760242670 824040515 753
760242670 824040951 752
760242670 930626766 48
760242670 930626866 2
760242670 930626886 210
760242670 930626996 4
760242670 930627026 4
760242670 930627036 2
760242670 930627176 48
760242670 930627196 3
760242670 930627486 5
760242670 930627496 26
760242670 930627616 3
760242670 930627746 49
760242670 930627836 3
760242670 936423854 4
760242670 949601179 0
760242670 968561617 10
760242670 979517098 4
760242890 760242914 3
760242890 760242938 0
760242890 760243319 0
760242890 760243417 0
760242890 760243527 0
760242890 760243587 0
760242890 807051501 182
760242890 807051581 172
760242890 807051831 66
760242890 807051851 20
760242890 807052171 1
760242890 807052191 244
760242890 807052210 1
760242890 807052380 1
760242890 807052420 8
760242890 807052770 0
760242890 807052820 4
760242890 820743455 0
760242890 820743465 4
760242890 820743515 475
760242890 820905197 3
760242890 820905217 3
760242890 820905567 4
760242890 820905747 346
760242890 820905767 1
760242890 820905977 0
760242890 824038961 754
760242890 824038987 752
760242890 824039126 752
760242890 824039260 753
760242890 824039471 752
760242890 824039484 751
760242890 824039761 751
760242890 824039851 818
760242890 824039875 761
760242890 824040039 751
760242890 824040125 752
760242890 824040515 753
760242890 824040951 752
760242890 930626766 46
760242890 930626866 0
760242890 930626886 208
760242890 930626996 2
760242890 930627026 2
760242890 930627036 0
760242890 930627176 46
760242890 930627196 1
760242890 930627486 3
760242890 930627496 24
760242890 930627616 1
760242890 930627746 47
760242890 930627836 1
760242890 936423854 2
760242890 949601179 2
760242890 968561617 8
760242890 979517098 2
760242914 760242938 3
760242914 760243319 3
760242914 760243417 3
760242914 760243527 3
760242914 760243587 3
760242914 807051501 185
760242914 807051581 175
760242914 807051831 69
760242914 807051851 23
760242914 807052171 4
760242914 807052191 247
760242914 807052210 4
760242914 807052380 4
760242914 807052420 11
760242914 807052770 3
760242914 807052820 7
760242914 820743455 3
760242914 820743465 7
760242914 820743515 477
760242914 820905197 2
760242914 820905217 2
760242914 820905567 7
760242914 820905747 347
760242914 820905767 4
760242914 820905977 3
760242914 824038961 755
760242914 824038987 753
760242914 824039126 753
760242914 824039260 754
760242914 824039471 753
760242914 824039484 752
760242914 824039761 752
760242914 824039851 819
760242914 824039875 762
760242914 824040039 752
760242914 824040125 753
760242914 824040515 754
760242914 824040951 753
760242914 930626766 49
760242914 930626866 3
760242914 930626886 211
760242914 930626996 5
760242914 930627026 5
760242914 930627036 3
760242914 930627176 49
760242914 930627196 4
760242914 930627486 6
760242914 930627496 27
760242914 930627616 4
760242914 930627746 50
760242914 930627836 4
760242914 936423854 5
760242914 949601179 1
760242914 968561617 11
760242914 979517098 5
760242938 760243319 0
760242938 760243417 0
760242938 760243527 0
760242938 760243587 0
760242938 807051501 182
760242938 807051581 172
760242938 807051831 66
760242938 807051851 20
760242938 807052171 1
760242938 807052191 244
760242938 807052210 1
760242938 807052380 1
760242938 807052420 8
760242938 807052770 0
760242938 807052820 4
760242938 820743455 0
760242938 820743465 4
760242938 820743515 475
760242938 820905197 3
760242938 820905217 3
760242938 820905567 4
760242938 820905747 346
760242938 820905767 1
760242938 820905977 0
760242938 824038961 754
760242938 824038987 752
760242938 824039126 752
760242938 824039260 753
760242938 824039471 752
760242938 824039484 751
760242938 824039761 751
760242938 824039851 818
760242938 824039875 761
760242938 824040039 751
760242938 824040125 752
760242938 824040515 753
760242938 824040951 752
760242938 930626766 46
760242938 930626866 0
760242938 930626886 208
760242938 930626996 2
760242938 930627026 2
760242938 930627036 0
760242938 930627176 46
760242938 930627196 1
760242938 930627486 3
760242938 930627496 24
760242938 930627616 1
760242938 930627746 47
760242938 930627836 1
760242938 936423854 2
760242938 949601179 2
760242938 968561617 8
760242938 979517098 2
760243319 760243417 0
760243319 760243527 0
760243319 760243587 0
760243319 807051501 182
760243319 807051581 172
760243319 807051831 66
760243319 807051851 20
760243319 807052171 1
760243319 807052191 244
760243319 807052210 1
760243319 807052380 1
760243319 807052420 8
760243319 807052770 0
760243319 807052820 4
760243319 820743455 0
760243319 820743465 4
760243319 820743515 475
760243319 820905197 3
760243319 820905217 3
760243319 820905567 4
760243319 820905747 346
760243319 820905767 1
760243319 820905977 0
760243319 824038961 754
760243319 824038987 752
760243319 824039126 752
760243319 824039260 753
760243319 824039471 752
760243319 824039484 751
760243319 824039761 751
760243319 824039851 818
760243319 824039875 761
760243319 824040039 751
760243319 824040125 752
760243319 824040515 753
760243319 824040951 752
760243319 930626766 46
760243319 930626866 0
760243319 930626886 208
760243319 930626996 2
760243319 930627026 2
760243319 930627036 0
760243319 930627176 46
760243319 930627196 1
760243319 930627486 3
760243319 930627496 24
760243319 930627616 1
760243319 930627746 47
760243319 930627836 1
760243319 936423854 2
760243319 949601179 2
760243319 968561617 8
760243319 979517098 2
760243417 760243527 0
760243417 760243587 0
760243417 807051501 182
760243417 807051581 172
760243417 807051831 66
760243417 807051851 20
760243417 807052171 1
760243417 807052191 244
760243417 807052210 1
760243417 807052380 1
760243417 807052420 8
760243417 807052770 0
760243417 807052820 4
760243417 820743455 0
760243417 820743465 4
760243417 820743515 475
760243417 820905197 3
760243417 820905217 3
760243417 820905567 4
760243417 820905747 346
760243417 820905767 1
760243417 820905977 0
760243417 824038961 754
760243417 824038987 752
760243417 824039126 752
760243417 824039260 753
760243417 824039471 752
760243417 824039484 751
760243417 824039761 751
760243417 824039851 818
760243417 824039875 761
760243417 824040039 751
760243417 824040125 752
760243417 824040515 753
760243417 824040951 752
760243417 930626766 46
760243417 930626866 0
760243417 930626886 208
760243417 930626996 2
760243417 930627026 2
760243417 930627036 0
760243417 930627176 46
760243417 930627196 1
760243417 930627486 3
760243417 930627496 24
760243417 930627616 1
760243417 930627746 47
760243417 930627836 1
760243417 936423854 2
760243417 949601179 2
760243417 968561617 8
760243417 979517098 2
760243527 760243587 0
760243527 807051501 182
760243527 807051581 172
760243527 807051831 66
760243527 807051851 20
760243527 807052171 1
760243527 807052191 244
760243527 807052210 1
760243527 807052380 1
760243527 807052420 8
760243527 807052770 0
760243527 807052820 4
760243527 820743455 0
760243527 820743465 4
760243527 820743515 475
760243527 820905197 3
760243527 820905217 3
760243527 820905567 4
760243527 820905747 346
760243527 820905767 1
760243527 820905977 0
760243527 824038961 754
760243527 824038987 752
760243527 824039126 752
760243527 824039260 753
760243527 824039471 752
760243527 824039484 751
760243527 824039761 751
760243527 824039851 818
760243527 824039875 761
760243527 824040039 751
760243527 824040125 752
760243527 824040515 753
760243527 824040951 752
760243527 930626766 46
760243527 930626866 0
760243527 930626886 208
760243527 930626996 2
760243527 930627026 2
760243527 930627036 0
760243527 930627176 46
760243527 930627196 1
760243527 930627486 3
760243527 930627496 24
760243527 930627616 1
760243527 930627746 47
760243527 930627836 1
760243527 936423854 2
760243527 949601179 2
760243527 968561617 8
760243527 979517098 2
760243587 807051501 182
760243587 807051581 172
760243587 807051831 66
760243587 807051851 20
760243587 807052171 1
760243587 807052191 244
760243587 807052210 1
760243587 807052380 1
760243587 807052420 8
760243587 807052770 0
760243587 807052820 4
760243587 820743455 0
760243587 820743465 4
760243587 820743515 475
760243587 820905197 3
760243587 820905217 3
760243587 820905567 4
760243587 820905747 346
760243587 820905767 1
760243587 820905977 0
760243587 824038961 754
760243587 824038987 752
760243587 824039126 752
760243587 824039260 753
760243587 824039471 752
760243587 824039484 751
760243587 824039761 751
760243587 824039851 818
760243587 824039875 761
760243587 824040039 751
760243587 824040125 752
760243587 824040515 753
760243587 824040951 752
760243587 930626766 46
760243587 930626866 0
760243587 930626886 208
760243587 930626996 2
760243587 930627026 2
760243587 930627036 0
760243587 930627176 46
760243587 930627196 1
760243587 930627486 3
760243587 930627496 24
760243587 930627616 1
760243587 930627746 47
760243587 930627836 1
760243587 936423854 2
760243587 949601179 2
760243587 968561617 8
760243587 979517098 2
807051501 807051581 40
807051501 807051831 116
807051501 807051851 162
807051501 807052171 183
807051501 807052191 214
807051501 807052210 183
807051501 807052380 183
807051501 807052420 175
807051501 807052770 182
807051501 807052820 178
807051501 820743455 182
807051501 820743465 185
807051501 820743515 426
807051501 820905197 185
807051501 820905217 185
807051501 820905567 186
807051501 820905747 385
807051501 820905767 183
807051501 820905977 182
807051501 824038961 794
807051501 824038987 792
807051501 824039126 792
807051501 824039260 793
807051501 824039471 792
807051501 824039484 791
807051501 824039761 791
807051501 824039851 858
807051501 824039875 801
807051501 824040039 791
807051501 824040125 792
807051501 824040515 793
807051501 824040951 792
807051501 930626766 136
807051501 930626866 182
807051501 930626886 248
807051501 930626996 184
807051501 930627026 184
807051501 930627036 182
807051501 930627176 138
807051501 930627196 183
807051501 930627486 185
807051501 930627496 162
807051501 930627616 183
807051501 930627746 137
807051501 930627836 183
807051501 936423854 184
807051501 949601179 184
807051501 968561617 190
807051501 979517098 184
807051581 807051831 106
807051581 807051851 152
807051581 807052171 173
807051581 807052191 244
807051581 807052210 173
807051581 807052380 173
807051581 807052420 165
807051581 807052770 172
807051581 807052820 168
807051581 820743455 172
807051581 820743465 175
807051581 820743515 445
807051581 820905197 175
807051581 820905217 175
807051581 820905567 176
807051581 820905747 376
807051581 820905767 173
807051581 820905977 172
807051581 824038961 784
807051581 824038987 782
807051581 824039126 782
807051581 824039260 783
807051581 824039471 782
807051581 824039484 781
807051581 824039761 781
807051581 824039851 848
807051581 824039875 791
807051581 824040039 781
807051581 824040125 782
807051581 824040515 783
807051581 824040951 782
807051581 930626766 126
807051581 930626866 172
807051581 930626886 237
807051581 930626996 174
807051581 930627026 174
807051581 930627036 172
807051581 930627176 128
807051581 930627196 173
807051581 930627486 175
807051581 930627496 152
807051581 930627616 173
807051581 930627746 127
807051581 930627836 173
807051581 936423854 174
807051581 949601179 174
807051581 968561617 180
807051581 979517098 174
807051831 807051851 46
807051831 807052171 67
807051831 807052191 310
807051831 807052210 67
807051831 807052380 67
807051831 807052420 60
807051831 807052770 66
807051831 807052820 70
807051831 820743455 66
807051831 820743465 69
807051831 820743515 409
807051831 820905197 69
807051831 820905217 69
807051831 820905567 70
807051831 820905747 280
807051831 820905767 67
807051831 820905977 66
807051831 824038961 688
807051831 824038987 686
807051831 824039126 686
807051831 824039260 687
807051831 824039471 686
807051831 824039484 685
807051831 824039761 685
807051831 824039851 752
807051831 824039875 695
807051831 824040039 685
807051831 824040125 686
807051831 824040515 687
807051831 824040951 686
807051831 930626766 20
807051831 930626866 66
807051831 930626886 142
807051831 930626996 68
807051831 930627026 68
807051831 930627036 66
807051831 930627176 22
807051831 930627196 67
807051831 930627486 69
807051831 930627496 46
807051831 930627616 67
807051831 930627746 21
807051831 930627836 67
807051831 936423854 68
807051831 949601179 68
807051831 968561617 74
807051831 979517098 68
807051851 807052171 21
807051851 807052191 264
807051851 807052210 21
807051851 807052380 21
807051851 807052420 14
807051851 807052770 20
807051851 807052820 24
807051851 820743455 20
807051851 820743465 23
807051851 820743515 455
807051851 820905197 23
807051851 820905217 23
807051851 820905567 24
807051851 820905747 326
807051851 820905767 21
807051851 820905977 20
807051851 824038961 734
807051851 824038987 732
807051851 824039126 732
807051851 824039260 733
807051851 824039471 732
807051851 824039484 731
807051851 824039761 731
807051851 824039851 798
807051851 824039875 741
807051851 824040039 731
807051851 824040125 732
807051851 824040515 733
807051851 824040951 732
807051851 930626766 26
807051851 930626866 20
807051851 930626886 188
807051851 930626996 22
807051851 930627026 22
807051851 930627036 20
807051851 930627176 26
807051851 930627196 21
807051851 930627486 23
807051851 930627496 4
807051851 930627616 21
807051851 930627746 27
807051851 930627836 21
807051851 936423854 22
807051851 949601179 22
807051851 968561617 28
807051851 979517098 22
807052171 807052191 245
807052171 807052210 2
807052171 807052380 2
807052171 807052420 9
807052171 807052770 1
807052171 807052820 5
807052171 820743455 1
807052171 820743465 5
807052171 820743515 476
807052171 820905197 4
807052171 820905217 4
807052171 820905567 5
807052171 820905747 347
807052171 820905767 2
807052171 820905977 1
807052171 824038961 754
807052171 824038987 752
807052171 824039126 752
807052171 824039260 753
807052171 824039471 752
807052171 824039484 751
807052171 824039761 751
807052171 824039851 818
807052171 824039875 761
807052171 824040039 751
807052171 824040125 752
807052171 824040515 753
807052171 824040951 752
807052171 930626766 47
807052171 930626866 1
807052171 930626886 209
807052171 930626996 3
807052171 930627026 3
807052171 930627036 1
807052171 930627176 47
807052171 930627196 2
807052171 930627486 4
807052171 930627496 25
807052171 930627616 2
807052171 930627746 48
807052171 930627836 2
807052171 936423854 3
807052171 949601179 3
807052171 968561617 9
807052171 979517098 3
807052191 807052210 245
807052191 807052380 244
807052191 807052420 251
807052191 807052770 244
807052191 807052820 240
807052191 820743455 244
807052191 820743465 248
807052191 820743515 494
807052191 820905197 247
807052191 820905217 247
807052191 820905567 248
807052191 820905747 589
807052191 820905767 245
807052191 820905977 244
807052191 824038961 978
807052191 824038987 977
807052191 824039126 977
807052191 824039260 978
807052191 824039471 977
807052191 824039484 976
807052191 824039761 976
807052191 824039851 1043
807052191 824039875 986
807052191 824040039 975
807052191 824040125 977
807052191 824040515 978
807052191 824040951 977
807052191 930626766 290
807052191 930626866 244
807052191 930626886 452
807052191 930626996 246
807052191 930627026 246
807052191 930627036 244
807052191 930627176 290
807052191 930627196 245
807052191 930627486 247
807052191 930627496 268
807052191 930627616 245
807052191 930627746 291
807052191 930627836 245
807052191 936423854 246
807052191 949601179 246
807052191 968561617 252
807052191 979517098 246
807052210 807052380 2
807052210 807052420 9
807052210 807052770 1
807052210 807052820 5
807052210 820743455 1
807052210 820743465 5
807052210 820743515 476
807052210 820905197 4
807052210 820905217 4
807052210 820905567 5
807052210 820905747 347
807052210 820905767 2
807052210 820905977 1
807052210 824038961 754
807052210 824038987 752
807052210 824039126 752
807052210 824039260 753
807052210 824039471 752
807052210 824039484 751
807052210 824039761 751
807052210 824039851 818
807052210 824039875 761
807052210 824040039 751
807052210 824040125 752
807052210 824040515 753
807052210 824040951 752
807052210 930626766 47
807052210 930626866 1
807052210 930626886 208
807052210 930626996 3
807052210 930627026 3
807052210 930627036 1
807052210 930627176 47
807052210 930627196 2
807052210 930627486 4
807052210 930627496 25
807052210 930627616 2
807052210 930627746 48
807052210 930627836 2
807052210 936423854 3
807052210 949601179 3
807052210 968561617 9
807052210 979517098 3
807052380 807052420 9
807052380 807052770 1
807052380 807052820 5
807052380 820743455 1
807052380 820743465 5
807052380 820743515 476
807052380 820905197 4
807052380 820905217 4
807052380 820905567 5
807052380 820905747 347
807052380 820905767 2
807052380 820905977 1
807052380 824038961 755
807052380 824038987 753
807052380 824039126 753
807052380 824039260 754
807052380 824039471 753
807052380 824039484 752
807052380 824039761 752
807052380 824039851 819
807052380 824039875 762
807052380 824040039 752
807052380 824040125 753
807052380 824040515 754
807052380 824040951 753
807052380 930626766 47
807052380 930626866 1
807052380 930626886 209
807052380 930626996 3
807052380 930627026 3
807052380 930627036 1
807052380 930627176 47
807052380 930627196 2
807052380 930627486 4
807052380 930627496 25
807052380 930627616 2
807052380 930627746 48
807052380 930627836 2
807052380 936423854 3
807052380 949601179 3
807052380 968561617 9
807052380 979517098 3
807052420 807052770 8
807052420 807052820 12
807052420 820743455 8
807052420 820743465 12
807052420 820743515 469
807052420 820905197 11
807052420 820905217 11
807052420 820905567 12
807052420 820905747 340
807052420 820905767 9
807052420 820905977 8
807052420 824038961 748
807052420 824038987 746
807052420 824039126 746
807052420 824039260 747
807052420 824039471 746
807052420 824039484 745
807052420 824039761 745
807052420 824039851 812
807052420 824039875 755
807052420 824040039 745
807052420 824040125 746
807052420 824040515 747
807052420 824040951 746
807052420 930626766 40
807052420 930626866 8
807052420 930626886 202
807052420 930626996 10
807052420 930627026 10
807052420 930627036 8
807052420 930627176 40
807052420 930627196 9
807052420 930627486 11
807052420 930627496 18
807052420 930627616 9
807052420 930627746 41
807052420 930627836 9
807052420 936423854 10
807052420 949601179 10
807052420 968561617 16
807052420 979517098 10
807052770 807052820 4
807052770 820743455 0
807052770 820743465 4
807052770 820743515 475
807052770 820905197 3
807052770 820905217 3
807052770 820905567 4
807052770 820905747 346
807052770 820905767 1
807052770 820905977 0
807052770 824038961 754
807052770 824038987 752
807052770 824039126 752
807052770 824039260 753
807052770 824039471 752
807052770 824039484 751
807052770 824039761 751
807052770 824039851 818
807052770 824039875 761
807052770 824040039 751
807052770 824040125 752
807052770 824040515 753
807052770 824040951 752
807052770 930626766 46
807052770 930626866 0
807052770 930626886 208
807052770 930626996 2
807052770 930627026 2
807052770 930627036 0
807052770 930627176 46
807052770 930627196 1
807052770 930627486 3
807052770 930627496 24
807052770 930627616 1
807052770 930627746 47
807052770 930627836 1
807052770 936423854 2
807052770 949601179 2
807052770 968561617 8
807052770 979517098 2
807052820 820743455 4
807052820 820743465 8
807052820 820743515 479
807052820 820905197 7
807052820 820905217 7
807052820 820905567 8
807052820 820905747 350
807052820 820905767 5
807052820 820905977 4
807052820 824038961 758
807052820 824038987 756
807052820 824039126 756
807052820 824039260 757
807052820 824039471 756
807052820 824039484 755
807052820 824039761 755
807052820 824039851 822
807052820 824039875 765
807052820 824040039 755
807052820 824040125 756
807052820 824040515 757
807052820 824040951 756
807052820 930626766 50
807052820 930626866 4
807052820 930626886 212
807052820 930626996 6
807052820 930627026 6
807052820 930627036 4
807052820 930627176 50
807052820 930627196 5
807052820 930627486 7
807052820 930627496 28
807052820 930627616 5
807052820 930627746 51
807052820 930627836 5
807052820 936423854 6
807052820 949601179 6
807052820 968561617 12
807052820 979517098 6
820743455 820743465 4
820743455 820743515 475
820743455 820905197 3
820743455 820905217 3
820743455 820905567 4
820743455 820905747 346
820743455 820905767 1
820743455 820905977 0
820743455 824038961 754
820743455 824038987 752
820743455 824039126 752
820743455 824039260 753
820743455 824039471 752
820743455 824039484 751
820743455 824039761 751
820743455 824039851 818
820743455 824039875 761
820743455 824040039 751
820743455 824040125 752
820743455 824040515 753
820743455 824040951 752
820743455 930626766 46
820743455 930626866 0
820743455 930626886 208
820743455 930626996 2
820743455 930627026 2
820743455 930627036 0
820743455 930627176 46
820743455 930627196 1
820743455 930627486 3
820743455 930627496 24
820743455 930627616 1
820743455 930627746 47
820743455 930627836 1
820743455 936423854 2
820743455 949601179 2
820743455 968561617 8
820743455 979517098 2
820743465 820743515 477
820743465 820905197 7
820743465 820905217 7
820743465 820905567 8
820743465 820905747 348
820743465 820905767 5
820743465 820905977 4
820743465 824038961 754
820743465 824038987 754
820743465 824039126 754
820743465 824039260 751
820743465 824039471 754
820743465 824039484 753
820743465 824039761 753
820743465 824039851 820
820743465 824039875 763
820743465 824040039 753
820743465 824040125 754
820743465 824040515 751
820743465 824040951 754
820743465 930626766 49
820743465 930626866 4
820743465 930626886 210
820743465 930626996 6
820743465 930627026 6
820743465 930627036 4
820743465 930627176 49
820743465 930627196 5
820743465 930627486 7
820743465 930627496 27
820743465 930627616 5
820743465 930627746 50
820743465 930627836 5
820743465 936423854 2
820743465 949601179 6
820743465 968561617 12
820743465 979517098 2
820743515 820905197 477
820743515 820905217 477
820743515 820905567 476
820743515 820905747 608
820743515 820905767 476
820743515 820905977 475
820743515 824038961 873
820743515 824038987 872
820743515 824039126 872
820743515 824039260 873
820743515 824039471 872
820743515 824039484 871
820743515 824039761 871
820743515 824039851 938
820743515 824039875 861
820743515 824040039 871
820743515 824040125 872
820743515 824040515 873
820743515 824040951 872
820743515 930626766 429
820743515 930626866 475
820743515 930626886 344
820743515 930626996 476
820743515 930627026 477
820743515 930627036 475
820743515 930627176 431
820743515 930627196 476
820743515 930627486 477
820743515 930627496 453
820743515 930627616 476
820743515 930627746 430
820743515 930627836 476
820743515 936423854 477
820743515 949601179 476
820743515 968561617 483
820743515 979517098 477
820905197 820905217 2
820905197 820905567 7
820905197 820905747 347
820905197 820905767 4
820905197 820905977 3
820905197 824038961 755
820905197 824038987 753
820905197 824039126 753
820905197 824039260 754
820905197 824039471 753
820905197 824039484 752
820905197 824039761 752
820905197 824039851 819
820905197 824039875 762
820905197 824040039 752
820905197 824040125 753
820905197 824040515 754
820905197 824040951 753
820905197 930626766 49
820905197 930626866 3
820905197 930626886 211
820905197 930626996 5
820905197 930627026 5
820905197 930627036 3
820905197 930627176 49
820905197 930627196 4
820905197 930627486 6
820905197 930627496 27
820905197 930627616 4
820905197 930627746 50
820905197 930627836 4
820905197 936423854 5
820905197 949601179 1
820905197 968561617 11
820905197 979517098 5
820905217 820905567 7
820905217 820905747 347
820905217 820905767 4
820905217 820905977 3
820905217 824038961 755
820905217 824038987 753
820905217 824039126 753
820905217 824039260 754
820905217 824039471 753
820905217 824039484 752
820905217 824039761 752
820905217 824039851 819
820905217 824039875 762
820905217 824040039 752
820905217 824040125 753
820905217 824040515 754
820905217 824040951 753
820905217 930626766 49
820905217 930626866 3
820905217 930626886 211
820905217 930626996 5
820905217 930627026 5
820905217 930627036 3
820905217 930627176 49
820905217 930627196 4
820905217 930627486 6
820905217 930627496 27
820905217 930627616 4
820905217 930627746 50
820905217 930627836 4
820905217 936423854 5
820905217 949601179 1
820905217 968561617 11
820905217 979517098 5
820905567 820905747 350
820905567 820905767 5
820905567 820905977 4
820905567 824038961 756
820905567 824038987 754
820905567 824039126 754
820905567 824039260 755
820905567 824039471 754
820905567 824039484 753
820905567 824039761 753
820905567 824039851 820
820905567 824039875 763
820905567 824040039 753
820905567 824040125 754
820905567 824040515 755
820905567 824040951 754
820905567 930626766 50
820905567 930626866 4
820905567 930626886 210
820905567 930626996 6
820905567 930627026 6
820905567 930627036 4
820905567 930627176 50
820905567 930627196 5
820905567 930627486 7
820905567 930627496 28
820905567 930627616 5
820905567 930627746 51
820905567 930627836 5
820905567 936423854 6
820905567 949601179 6
820905567 968561617 12
820905567 979517098 6
820905747 820905767 347
820905747 820905977 346
820905747 824038961 650
820905747 824038987 648
820905747 824039126 648
820905747 824039260 649
820905747 824039471 648
820905747 824039484 647
820905747 824039761 647
820905747 824039851 714
820905747 824039875 657
820905747 824040039 648
820905747 824040125 648
820905747 824040515 649
820905747 824040951 648
820905747 930626766 300
820905747 930626866 346
820905747 930626886 341
820905747 930626996 348
820905747 930627026 347
820905747 930627036 346
820905747 930627176 302
820905747 930627196 347
820905747 930627486 347
820905747 930627496 326
820905747 930627616 347
820905747 930627746 301
820905747 930627836 347
820905747 936423854 348
820905747 949601179 346
820905747 968561617 354
820905747 979517098 348
820905767 820905977 1
820905767 824038961 755
820905767 824038987 753
820905767 824039126 753
820905767 824039260 754
820905767 824039471 753
820905767 824039484 752
820905767 824039761 752
820905767 824039851 819
820905767 824039875 762
820905767 824040039 752
820905767 824040125 753
820905767 824040515 754
820905767 824040951 753
820905767 930626766 47
820905767 930626866 1
820905767 930626886 209
820905767 930626996 3
820905767 930627026 3
820905767 930627036 1
820905767 930627176 47
820905767 930627196 2
820905767 930627486 4
820905767 930627496 25
820905767 930627616 2
820905767 930627746 48
820905767 930627836 2
820905767 936423854 3
820905767 949601179 3
820905767 968561617 9
820905767 979517098 3
820905977 824038961 754
820905977 824038987 752
820905977 824039126 752
820905977 824039260 753
820905977 824039471 752
820905977 824039484 751
820905977 824039761 751
820905977 824039851 818
820905977 824039875 761
820905977 824040039 751
820905977 824040125 752
820905977 824040515 753
820905977 824040951 752
820905977 930626766 46
820905977 930626866 0
820905977 930626886 208
820905977 930626996 2
820905977 930627026 2
820905977 930627036 0
820905977 930627176 46
820905977 930627196 1
820905977 930627486 3
820905977 930627496 24
820905977 930627616 1
820905977 930627746 47
820905977 930627836 1
820905977 936423854 2
820905977 949601179 2
820905977 968561617 8
820905977 979517098 2
824038961 824038987 4
824038961 824039126 4
824038961 824039260 3
824038961 824039471 4
824038961 824039484 3
824038961 824039761 3
824038961 824039851 70
824038961 824039875 13
824038961 824040039 4
824038961 824040125 4
824038961 824040515 3
824038961 824040951 4
824038961 930626766 708
824038961 930626866 754
824038961 930626886 574
824038961 930626996 756
824038961 930627026 755
824038961 930627036 754
824038961 930627176 710
824038961 930627196 754
824038961 930627486 754
824038961 930627496 733
824038961 930627616 755
824038961 930627746 709
824038961 930627836 755
824038961 936423854 754
824038961 949601179 754
824038961 968561617 762
824038961 979517098 754
824038987 824039126 2
824038987 824039260 3
824038987 824039471 2
824038987 824039484 1
824038987 824039761 1
824038987 824039851 68
824038987 824039875 11
824038987 824040039 2
824038987 824040125 2
824038987 824040515 3
824038987 824040951 2
824038987 930626766 706
824038987 930626866 752
824038987 930626886 572
824038987 930626996 754
824038987 930627026 753
824038987 930627036 752
824038987 930627176 708
824038987 930627196 752
824038987 930627486 752
824038987 930627496 731
824038987 930627616 753
824038987 930627746 707
824038987 930627836 753
824038987 936423854 754
824038987 949601179 752
824038987 968561617 760
824038987 979517098 754
824039126 824039260 3
824039126 824039471 2
824039126 824039484 1
824039126 824039761 1
824039126 824039851 67
824039126 824039875 11
824039126 824040039 2
824039126 824040125 0
824039126 824040515 3
824039126 824040951 2
824039126 930626766 706
824039126 930626866 752
824039126 930626886 572
824039126 930626996 754
824039126 930627026 753
824039126 930627036 752
824039126 930627176 708
824039126 930627196 752
824039126 930627486 752
824039126 930627496 731
824039126 930627616 753
824039126 930627746 707
824039126 930627836 753
824039126 936423854 754
824039126 949601179 752
824039126 968561617 760
824039126 979517098 754
824039260 824039471 3
824039260 824039484 2
824039260 824039761 2
824039260 824039851 69
824039260 824039875 12
824039260 824040039 3
824039260 824040125 3
824039260 824040515 0
824039260 824040951 3
824039260 930626766 707
824039260 930626866 753
824039260 930626886 573
824039260 930626996 755
824039260 930627026 754
824039260 930627036 753
824039260 930627176 709
824039260 930627196 753
824039260 930627486 753
824039260 930627496 732
824039260 930627616 754
824039260 930627746 708
824039260 930627836 754
824039260 936423854 751
824039260 949601179 753
824039260 968561617 761
824039260 979517098 751
824039471 824039484 1
824039471 824039761 1
824039471 824039851 68
824039471 824039875 11
824039471 824040039 2
824039471 824040125 2
824039471 824040515 3
824039471 824040951 2
824039471 930626766 706
824039471 930626866 752
824039471 930626886 572
824039471 930626996 754
824039471 930627026 753
824039471 930627036 752
824039471 930627176 708
824039471 930627196 752
824039471 930627486 752
824039471 930627496 731
824039471 930627616 753
824039471 930627746 707
824039471 930627836 753
824039471 936423854 754
824039471 949601179 752
824039471 968561617 760
824039471 979517098 754
824039484 824039761 0
824039484 824039851 67
824039484 824039875 10
824039484 824040039 1
824039484 824040125 1
824039484 824040515 2
824039484 824040951 1
824039484 930626766 705
824039484 930626866 751
824039484 930626886 571
824039484 930626996 753
824039484 930627026 752
824039484 930627036 751
824039484 930627176 707
824039484 930627196 751
824039484 930627486 751
824039484 930627496 730
824039484 930627616 752
824039484 930627746 706
824039484 930627836 752
824039484 936423854 753
824039484 949601179 751
824039484 968561617 759
824039484 979517098 753
824039761 824039851 67
824039761 824039875 10
824039761 824040039 1
824039761 824040125 1
824039761 824040515 2
824039761 824040951 1
824039761 930626766 705
824039761 930626866 751
824039761 930626886 571
824039761 930626996 753
824039761 930627026 752
824039761 930627036 751
824039761 930627176 707
824039761 930627196 751
824039761 930627486 751
824039761 930627496 730
824039761 930627616 752
824039761 930627746 706
824039761 930627836 752
824039761 936423854 753
824039761 949601179 751
824039761 968561617 759
824039761 979517098 753
824039851 824039875 77
824039851 824040039 68
824039851 824040125 67
824039851 824040515 69
824039851 824040951 68
824039851 930626766 772
824039851 930626866 818
824039851 930626886 638
824039851 930626996 820
824039851 930627026 819
824039851 930627036 818
824039851 930627176 774
824039851 930627196 818
824039851 930627486 818
824039851 930627496 797
824039851 930627616 819
824039851 930627746 773
824039851 930627836 819
824039851 936423854 820
824039851 949601179 818
824039851 968561617 826
824039851 979517098 820
824039875 824040039 11
824039875 824040125 11
824039875 824040515 12
824039875 824040951 11
824039875 930626766 715
824039875 930626866 761
824039875 930626886 581
824039875 930626996 763
824039875 930627026 762
824039875 930627036 761
824039875 930627176 717
824039875 930627196 761
824039875 930627486 761
824039875 930627496 740
824039875 930627616 762
824039875 930627746 716
824039875 930627836 762
824039875 936423854 763
824039875 949601179 761
824039875 968561617 769
824039875 979517098 763
824040039 824040125 2
824040039 824040515 3
824040039 824040951 2
824040039 930626766 705
824040039 930626866 751
824040039 930626886 571
824040039 930626996 753
824040039 930627026 752
824040039 930627036 751
824040039 930627176 707
824040039 930627196 751
824040039 930627486 751
824040039 930627496 730
824040039 930627616 752
824040039 930627746 706
824040039 930627836 752
824040039 936423854 753
824040039 949601179 751
824040039 968561617 759
824040039 979517098 753
824040125 824040515 3
824040125 824040951 2
824040125 930626766 706
824040125 930626866 752
824040125 930626886 572
824040125 930626996 754
824040125 930627026 753
824040125 930627036 752
824040125 930627176 708
824040125 930627196 752
824040125 930627486 752
824040125 930627496 731
824040125 930627616 753
824040125 930627746 707
824040125 930627836 753
824040125 936423854 754
824040125 949601179 752
824040125 968561617 760
824040125 979517098 754
824040515 824040951 3
824040515 930626766 707
824040515 930626866 753
824040515 930626886 573
824040515 930626996 755
824040515 930627026 754
824040515 930627036 753
824040515 930627176 709
824040515 930627196 753
824040515 930627486 753
824040515 930627496 732
824040515 930627616 754
824040515 930627746 708
824040515 930627836 754
824040515 936423854 751
824040515 949601179 753
824040515 968561617 761
824040515 979517098 751
824040951 930626766 706
824040951 930626866 752
824040951 930626886 572
824040951 930626996 754
824040951 930627026 753
824040951 930627036 752
824040951 930627176 708
824040951 930627196 752
824040951 930627486 752
824040951 930627496 731
824040951 930627616 753
824040951 930627746 707
824040951 930627836 753
824040951 936423854 754
824040951 949601179 752
824040951 968561617 760
824040951 979517098 754
930626766 930626866 46
930626766 930626886 162
930626766 930626996 48
930626766 930627026 48
930626766 930627036 46
930626766 930627176 2
930626766 930627196 47
930626766 930627486 49
930626766 930627496 26
930626766 930627616 47
930626766 930627746 1
930626766 930627836 47
930626766 936423854 48
930626766 949601179 48
930626766 968561617 54
930626766 979517098 48
930626866 930626886 208
930626866 930626996 2
930626866 930627026 2
930626866 930627036 0
930626866 930627176 46
930626866 930627196 1
930626866 930627486 3
930626866 930627496 24
930626866 930627616 1
930626866 930627746 47
930626866 930627836 1
930626866 936423854 2
930626866 949601179 2
930626866 968561617 8
930626866 979517098 2
930626886 930626996 210
930626886 930627026 210
930626886 930627036 208
930626886 930627176 164
930626886 930627196 209
930626886 930627486 210
930626886 930627496 184
930626886 930627616 209
930626886 930627746 163
930626886 930627836 209
930626886 936423854 210
930626886 949601179 210
930626886 968561617 216
930626886 979517098 210
930626996 930627026 4
930626996 930627036 2
930626996 930627176 48
930626996 930627196 3
930626996 930627486 5
930626996 930627496 26
930626996 930627616 3
930626996 930627746 49
930626996 930627836 3
930626996 936423854 4
930626996 949601179 4
930626996 968561617 10
930626996 979517098 4
930627026 930627036 2
930627026 930627176 48
930627026 930627196 3
930627026 930627486 5
930627026 930627496 26
930627026 930627616 3
930627026 930627746 49
930627026 930627836 3
930627026 936423854 4
930627026 949601179 4
930627026 968561617 10
930627026 979517098 4
930627036 930627176 46
930627036 930627196 1
930627036 930627486 3
930627036 930627496 24
930627036 930627616 1
930627036 930627746 47
930627036 930627836 1
930627036 936423854 2
930627036 949601179 2
930627036 968561617 8
930627036 979517098 2
930627176 930627196 47
930627176 930627486 49
930627176 930627496 26
930627176 930627616 47
930627176 930627746 3
930627176 930627836 47
930627176 936423854 48
930627176 949601179 48
930627176 968561617 54
930627176 979517098 48
930627196 930627486 4
930627196 930627496 25
930627196 930627616 2
930627196 930627746 48
930627196 930627836 2
930627196 936423854 3
930627196 949601179 3
930627196 968561617 9
930627196 979517098 3
930627486 930627496 27
930627486 930627616 4
930627486 930627746 50
930627486 930627836 4
930627486 936423854 5
930627486 949601179 5
930627486 968561617 11
930627486 979517098 5
930627496 930627616 25
930627496 930627746 27
930627496 930627836 25
930627496 936423854 26
930627496 949601179 26
930627496 968561617 32
930627496 979517098 26
930627616 930627746 48
930627616 930627836 2
930627616 936423854 3
930627616 949601179 3
930627616 968561617 9
930627616 979517098 3
930627746 930627836 48
930627746 936423854 49
930627746 949601179 49
930627746 968561617 55
930627746 979517098 49
930627836 936423854 3
930627836 949601179 3
930627836 968561617 7
930627836 979517098 3
936423854 949601179 4
936423854 968561617 10
936423854 979517098 0
949601179 968561617 10
949601179 979517098 4
968561617 979517098 10