# Columns are as follows: sample_1 sample_2 distance
1013071302 1013071422 0
1013071302 1018445771 408
1013071302 1018445871 274
1013071302 436409269 76
1013071302 436409329 75
1013071302 436409349 96
1013071302 436409369 97
1013071302 436409419 85
1013071302 436409429 85
1013071302 436409439 81
1013071302 667852635 0
1013071302 674810554 2
1013071302 685509613 440
1013071302 760241947 2
1013071302 760241994 0
1013071302 760242017 1
1013071302 760242040 1
1013071302 760242166 1
1013071302 760242333 0
1013071302 760242399 1
1013071302 760242444 0
1013071302 760242670 0
1013071302 760242890 0
1013071302 760242914 1
1013071302 760242938 2
1013071302 760243319 0
1013071302 760243417 0
1013071302 760243527 1
1013071302 760243587 2
1013071302 807051501 231
1013071302 807051581 153
1013071302 807051831 0
1013071302 807051851 0
1013071302 807052171 32
1013071302 807052191 216
1013071302 807052210 0
1013071302 807052380 1
1013071302 807052420 49
1013071302 807052770 0
1013071302 807052820 1
1013071302 820743455 1
1013071302 820743465 6
1013071302 820743515 433
1013071302 820905197 0
1013071302 820905217 0
1013071302 820905567 0
1013071302 820905747 0
1013071302 820905767 0
1013071302 820905977 1
1013071302 824038961 376
1013071302 824038987 376
1013071302 824039126 376
1013071302 824039260 377
1013071302 824039471 376
1013071302 824039484 376
1013071302 824039761 376
1013071302 824039851 559
1013071302 824039875 401
1013071302 824040039 376
1013071302 824040125 410
1013071302 824040515 377
1013071302 824040951 382
1013071302 930626766 11
1013071302 930626866 13
1013071302 930626886 1
1013071302 930626996 0
1013071302 930627026 2
1013071302 930627036 1
1013071302 930627176 1
1013071302 930627196 1
1013071302 930627486 2
1013071302 930627496 2
1013071302 930627616 1
1013071302 930627746 1
1013071302 930627836 0
1013071302 936423854 3
1013071302 949601179 0
1013071302 968561617 13
1013071302 979517098 2
1013071422 1018445771 408
1013071422 1018445871 274
1013071422 436409269 76
1013071422 436409329 75
1013071422 436409349 96
1013071422 436409369 97
1013071422 436409419 85
1013071422 436409429 85
1013071422 436409439 81
1013071422 667852635 0
1013071422 674810554 2
1013071422 685509613 440
1013071422 760241947 2
1013071422 760241994 0
1013071422 760242017 1
1013071422 760242040 1
1013071422 760242166 1
1013071422 760242333 0
1013071422 760242399 1
1013071422 760242444 0
1013071422 760242670 0
1013071422 760242890 0
1013071422 760242914 1
1013071422 760242938 2
1013071422 760243319 0
1013071422 760243417 0
1013071422 760243527 1
1013071422 760243587 2
1013071422 807051501 231
1013071422 807051581 153
1013071422 807051831 0
1013071422 807051851 0
1013071422 807052171 32
1013071422 807052191 216
1013071422 807052210 0
1013071422 807052380 1
1013071422 807052420 49
1013071422 807052770 0
1013071422 807052820 1
1013071422 820743455 1
1013071422 820743465 6
1013071422 820743515 433
1013071422 820905197 0
1013071422 820905217 0
1013071422 820905567 0
1013071422 820905747 0
1013071422 820905767 0
1013071422 820905977 1
1013071422 824038961 376
1013071422 824038987 376
1013071422 824039126 376
1013071422 824039260 377
1013071422 824039471 376
1013071422 824039484 376
1013071422 824039761 376
1013071422 824039851 559
1013071422 824039875 401
1013071422 824040039 376
1013071422 824040125 410
1013071422 824040515 377
1013071422 824040951 382
1013071422 930626766 11
1013071422 930626866 13
1013071422 930626886 1
1013071422 930626996 0
1013071422 930627026 2
1013071422 930627036 1
1013071422 930627176 1
1013071422 930627196 1
1013071422 930627486 2
1013071422 930627496 2
1013071422 930627616 1
1013071422 930627746 1
1013071422 930627836 0
1013071422 936423854 3
1013071422 949601179 0
1013071422 968561617 13
1013071422 979517098 2
1018445771 1018445871 516
1018445771 436409269 468
1018445771 436409329 467
1018445771 436409349 489
1018445771 436409369 490
1018445771 436409419 477
1018445771 436409429 482
1018445771 436409439 473
1018445771 667852635 408
1018445771 674810554 409
1018445771 685509613 819
1018445771 760241947 410
1018445771 760241994 408
1018445771 760242017 409
1018445771 760242040 409
1018445771 760242166 409
1018445771 760242333 408
1018445771 760242399 409
1018445771 760242444 408
1018445771 760242670 408
1018445771 760242890 408
1018445771 760242914 409
1018445771 760242938 410
1018445771 760243319 408
1018445771 760243417 408
1018445771 760243527 409
1018445771 760243587 410
1018445771 807051501 531
1018445771 807051581 431
1018445771 807051831 408
1018445771 807051851 408
1018445771 807052171 418
1018445771 807052191 402
1018445771 807052210 408
1018445771 807052380 409
1018445771 807052420 415
1018445771 807052770 408
1018445771 807052820 409
1018445771 820743455 409
1018445771 820743465 412
1018445771 820743515 595
1018445771 820905197 408
1018445771 820905217 408
1018445771 820905567 408
1018445771 820905747 408
1018445771 820905767 408
1018445771 820905977 409
1018445771 824038961 771
1018445771 824038987 771
1018445771 824039126 771
1018445771 824039260 771
1018445771 824039471 771
1018445771 824039484 771
1018445771 824039761 771
1018445771 824039851 954
1018445771 824039875 796
1018445771 824040039 771
1018445771 824040125 805
1018445771 824040515 771
1018445771 824040951 777
1018445771 930626766 417
1018445771 930626866 419
1018445771 930626886 409
1018445771 930626996 408
1018445771 930627026 408
1018445771 930627036 409
1018445771 930627176 407
1018445771 930627196 409
1018445771 930627486 409
1018445771 930627496 408
1018445771 930627616 409
1018445771 930627746 407
1018445771 930627836 408
1018445771 936423854 409
1018445771 949601179 408
1018445771 968561617 421
1018445771 979517098 409
1018445871 436409269 346
1018445871 436409329 345
1018445871 436409349 360
1018445871 436409369 361
1018445871 436409419 352
1018445871 436409429 355
1018445871 436409439 350
1018445871 667852635 274
1018445871 674810554 275
1018445871 685509613 600
1018445871 760241947 276
1018445871 760241994 274
1018445871 760242017 275
1018445871 760242040 275
1018445871 760242166 275
1018445871 760242333 274
1018445871 760242399 275
1018445871 760242444 274
1018445871 760242670 274
1018445871 760242890 274
1018445871 760242914 274
1018445871 760242938 276
1018445871 760243319 274
1018445871 760243417 274
1018445871 760243527 275
1018445871 760243587 276
1018445871 807051501 471
1018445871 807051581 393
1018445871 807051831 274
1018445871 807051851 274
1018445871 807052171 294
1018445871 807052191 489
1018445871 807052210 274
1018445871 807052380 275
1018445871 807052420 311
1018445871 807052770 274
1018445871 807052820 275
1018445871 820743455 275
1018445871 820743465 280
1018445871 820743515 577
1018445871 820905197 274
1018445871 820905217 274
1018445871 820905567 274
1018445871 820905747 274
1018445871 820905767 274
1018445871 820905977 275
1018445871 824038961 538
1018445871 824038987 538
1018445871 824039126 538
1018445871 824039260 539
1018445871 824039471 538
1018445871 824039484 538
1018445871 824039761 538
1018445871 824039851 721
1018445871 824039875 563
1018445871 824040039 538
1018445871 824040125 572
1018445871 824040515 539
1018445871 824040951 543
1018445871 930626766 283
1018445871 930626866 285
1018445871 930626886 275
1018445871 930626996 274
1018445871 930627026 274
1018445871 930627036 275
1018445871 930627176 273
1018445871 930627196 275
1018445871 930627486 276
1018445871 930627496 274
1018445871 930627616 275
1018445871 930627746 273
1018445871 930627836 274
1018445871 936423854 277
1018445871 949601179 274
1018445871 968561617 261
1018445871 979517098 276
436409269 436409329 1
436409269 436409349 66
436409269 436409369 67
436409269 436409419 55
436409269 436409429 56
436409269 436409439 47
436409269 667852635 76
436409269 674810554 76
436409269 685509613 416
436409269 760241947 78
436409269 760241994 76
436409269 760242017 77
436409269 760242040 77
436409269 760242166 77
436409269 760242333 76
436409269 760242399 77
436409269 760242444 76
436409269 760242670 76
436409269 760242890 76
436409269 760242914 77
436409269 760242938 78
436409269 760243319 76
436409269 760243417 76
436409269 760243527 77
436409269 760243587 78
436409269 807051501 300
436409269 807051581 221
436409269 807051831 76
436409269 807051851 76
436409269 807052171 108
436409269 807052191 282
436409269 807052210 76
436409269 807052380 77
436409269 807052420 122
436409269 807052770 76
436409269 807052820 77
436409269 820743455 77
436409269 820743465 79
436409269 820743515 492
436409269 820905197 76
436409269 820905217 76
436409269 820905567 76
436409269 820905747 76
436409269 820905767 76
436409269 820905977 77
436409269 824038961 432
436409269 824038987 432
436409269 824039126 432
436409269 824039260 431
436409269 824039471 432
436409269 824039484 432
436409269 824039761 432
436409269 824039851 613
436409269 824039875 456
436409269 824040039 432
436409269 824040125 466
436409269 824040515 431
436409269 824040951 438
436409269 930626766 86
436409269 930626866 88
436409269 930626886 77
436409269 930626996 76
436409269 930627026 78
436409269 930627036 77
436409269 930627176 77
436409269 930627196 77
436409269 930627486 76
436409269 930627496 78
436409269 930627616 75
436409269 930627746 77
436409269 930627836 76
436409269 936423854 77
436409269 949601179 76
436409269 968561617 89
436409269 979517098 76
436409329 436409349 65
436409329 436409369 66
436409329 436409419 54
436409329 436409429 55
436409329 436409439 46
436409329 667852635 75
436409329 674810554 75
436409329 685509613 416
436409329 760241947 77
436409329 760241994 75
436409329 760242017 76
436409329 760242040 76
436409329 760242166 76
436409329 760242333 75
436409329 760242399 76
436409329 760242444 75
436409329 760242670 75
436409329 760242890 75
436409329 760242914 76
436409329 760242938 77
436409329 760243319 75
436409329 760243417 75
436409329 760243527 76
436409329 760243587 77
436409329 807051501 299
436409329 807051581 220
436409329 807051831 75
436409329 807051851 75
436409329 807052171 107
436409329 807052191 281
436409329 807052210 75
436409329 807052380 76
436409329 807052420 121
436409329 807052770 75
436409329 807052820 76
436409329 820743455 76
436409329 820743465 78
436409329 820743515 491
436409329 820905197 75
436409329 820905217 75
436409329 820905567 75
436409329 820905747 75
436409329 820905767 75
436409329 820905977 76
436409329 824038961 432
436409329 824038987 432
436409329 824039126 432
436409329 824039260 431
436409329 824039471 432
436409329 824039484 432
436409329 824039761 432
436409329 824039851 613
436409329 824039875 456
436409329 824040039 432
436409329 824040125 466
436409329 824040515 431
436409329 824040951 438
436409329 930626766 85
436409329 930626866 87
436409329 930626886 76
436409329 930626996 75
436409329 930627026 77
436409329 930627036 76
436409329 930627176 76
436409329 930627196 76
436409329 930627486 75
436409329 930627496 77
436409329 930627616 74
436409329 930627746 76
436409329 930627836 75
436409329 936423854 76
436409329 949601179 75
436409329 968561617 88
436409329 979517098 75
436409349 436409369 9
436409349 436409419 23
436409349 436409429 80
436409349 436409439 45
436409349 667852635 96
436409349 674810554 96
436409349 685509613 397
436409349 760241947 98
436409349 760241994 96
436409349 760242017 97
436409349 760242040 97
436409349 760242166 97
436409349 760242333 96
436409349 760242399 97
436409349 760242444 96
436409349 760242670 96
436409349 760242890 96
436409349 760242914 97
436409349 760242938 98
436409349 760243319 96
436409349 760243417 96
436409349 760243527 97
436409349 760243587 98
436409349 807051501 319
436409349 807051581 239
436409349 807051831 96
436409349 807051851 96
436409349 807052171 127
436409349 807052191 300
436409349 807052210 96
436409349 807052380 97
436409349 807052420 142
436409349 807052770 96
436409349 807052820 97
436409349 820743455 97
436409349 820743465 99
436409349 820743515 516
436409349 820905197 96
436409349 820905217 96
436409349 820905567 96
436409349 820905747 96
436409349 820905767 96
436409349 820905977 97
436409349 824038961 445
436409349 824038987 445
436409349 824039126 445
436409349 824039260 444
436409349 824039471 445
436409349 824039484 445
436409349 824039761 445
436409349 824039851 619
436409349 824039875 469
436409349 824040039 445
436409349 824040125 478
436409349 824040515 444
436409349 824040951 451
436409349 930626766 105
436409349 930626866 108
436409349 930626886 95
436409349 930626996 96
436409349 930627026 98
436409349 930627036 97
436409349 930627176 97
436409349 930627196 97
436409349 930627486 98
436409349 930627496 98
436409349 930627616 95
436409349 930627746 97
436409349 930627836 96
436409349 936423854 97
436409349 949601179 96
436409349 968561617 109
436409349 979517098 96
436409369 436409419 24
436409369 436409429 81
436409369 436409439 46
436409369 667852635 97
436409369 674810554 97
436409369 685509613 397
436409369 760241947 99
436409369 760241994 97
436409369 760242017 98
436409369 760242040 98
436409369 760242166 98
436409369 760242333 97
436409369 760242399 98
436409369 760242444 97
436409369 760242670 97
436409369 760242890 97
436409369 760242914 98
436409369 760242938 99
436409369 760243319 97
436409369 760243417 97
436409369 760243527 98
436409369 760243587 99
436409369 807051501 319
436409369 807051581 240
436409369 807051831 97
436409369 807051851 97
436409369 807052171 128
436409369 807052191 300
436409369 807052210 97
436409369 807052380 98
436409369 807052420 143
436409369 807052770 97
436409369 807052820 98
436409369 820743455 98
436409369 820743465 100
436409369 820743515 518
436409369 820905197 97
436409369 820905217 97
436409369 820905567 97
436409369 820905747 97
436409369 820905767 97
436409369 820905977 98
436409369 824038961 445
436409369 824038987 445
436409369 824039126 445
436409369 824039260 444
436409369 824039471 445
436409369 824039484 445
436409369 824039761 445
436409369 824039851 620
436409369 824039875 469
436409369 824040039 445
436409369 824040125 478
436409369 824040515 444
436409369 824040951 451
436409369 930626766 106
436409369 930626866 109
436409369 930626886 96
436409369 930626996 97
436409369 930627026 99
436409369 930627036 98
436409369 930627176 98
436409369 930627196 98
436409369 930627486 99
436409369 930627496 99
436409369 930627616 96
436409369 930627746 98
436409369 930627836 97
436409369 936423854 98
436409369 949601179 97
436409369 968561617 110
436409369 979517098 97
436409419 436409429 69
436409419 436409439 34
436409419 667852635 85
436409419 674810554 85
436409419 685509613 390
436409419 760241947 87
436409419 760241994 85
436409419 760242017 86
436409419 760242040 86
436409419 760242166 86
436409419 760242333 85
436409419 760242399 86
436409419 760242444 85
436409419 760242670 85
436409419 760242890 85
436409419 760242914 86
436409419 760242938 87
436409419 760243319 85
436409419 760243417 85
436409419 760243527 86
436409419 760243587 87
436409419 807051501 308
436409419 807051581 230
436409419 807051831 85
436409419 807051851 85
436409419 807052171 117
436409419 807052191 286
436409419 807052210 85
436409419 807052380 86
436409419 807052420 132
436409419 807052770 85
436409419 807052820 86
436409419 820743455 86
436409419 820743465 88
436409419 820743515 508
436409419 820905197 85
436409419 820905217 85
436409419 820905567 85
436409419 820905747 85
436409419 820905767 85
436409419 820905977 86
436409419 824038961 437
436409419 824038987 437
436409419 824039126 437
436409419 824039260 436
436409419 824039471 437
436409419 824039484 437
436409419 824039761 437
436409419 824039851 613
436409419 824039875 461
436409419 824040039 437
436409419 824040125 470
436409419 824040515 436
436409419 824040951 443
436409419 930626766 94
436409419 930626866 97
436409419 930626886 84
436409419 930626996 85
436409419 930627026 87
436409419 930627036 86
436409419 930627176 86
436409419 930627196 86
436409419 930627486 87
436409419 930627496 87
436409419 930627616 84
436409419 930627746 86
436409419 930627836 85
436409419 936423854 86
436409419 949601179 85
436409419 968561617 98
436409419 979517098 85
436409429 436409439 59
436409429 667852635 85
436409429 674810554 85
436409429 685509613 426
436409429 760241947 87
436409429 760241994 85
436409429 760242017 86
436409429 760242040 86
436409429 760242166 86
436409429 760242333 85
436409429 760242399 86
436409429 760242444 85
436409429 760242670 85
436409429 760242890 85
436409429 760242914 86
436409429 760242938 87
436409429 760243319 85
436409429 760243417 85
436409429 760243527 86
436409429 760243587 87
436409429 807051501 302
436409429 807051581 228
436409429 807051831 85
436409429 807051851 85
436409429 807052171 117
436409429 807052191 289
436409429 807052210 85
436409429 807052380 86
436409429 807052420 131
436409429 807052770 85
436409429 807052820 86
436409429 820743455 86
436409429 820743465 88
436409429 820743515 507
436409429 820905197 85
436409429 820905217 85
436409429 820905567 85
436409429 820905747 85
436409429 820905767 85
436409429 820905977 86
436409429 824038961 436
436409429 824038987 436
436409429 824039126 436
436409429 824039260 435
436409429 824039471 436
436409429 824039484 436
436409429 824039761 436
436409429 824039851 616
436409429 824039875 460
436409429 824040039 436
436409429 824040125 468
436409429 824040515 435
436409429 824040951 442
436409429 930626766 95
436409429 930626866 97
436409429 930626886 86
436409429 930626996 85
436409429 930627026 87
436409429 930627036 86
436409429 930627176 86
436409429 930627196 86
436409429 930627486 87
436409429 930627496 87
436409429 930627616 84
436409429 930627746 86
436409429 930627836 85
436409429 936423854 86
436409429 949601179 85
436409429 968561617 98
436409429 979517098 85
436409439 667852635 81
436409439 674810554 81
436409439 685509613 401
436409439 760241947 83
436409439 760241994 81
436409439 760242017 82
436409439 760242040 82
436409439 760242166 82
436409439 760242333 81
436409439 760242399 82
436409439 760242444 81
436409439 760242670 81
436409439 760242890 81
436409439 760242914 82
436409439 760242938 83
436409439 760243319 81
436409439 760243417 81
436409439 760243527 82
436409439 760243587 83
436409439 807051501 304
436409439 807051581 225
436409439 807051831 81
436409439 807051851 81
436409439 807052171 111
436409439 807052191 284
436409439 807052210 81
436409439 807052380 82
436409439 807052420 128
436409439 807052770 81
436409439 807052820 82
436409439 820743455 82
436409439 820743465 84
436409439 820743515 500
436409439 820905197 81
436409439 820905217 81
436409439 820905567 81
436409439 820905747 81
436409439 820905767 81
436409439 820905977 82
436409439 824038961 432
436409439 824038987 432
436409439 824039126 432
436409439 824039260 431
436409439 824039471 432
436409439 824039484 432
436409439 824039761 432
436409439 824039851 611
436409439 824039875 456
436409439 824040039 432
436409439 824040125 465
436409439 824040515 431
436409439 824040951 438
436409439 930626766 90
436409439 930626866 93
436409439 930626886 82
436409439 930626996 81
436409439 930627026 83
436409439 930627036 82
436409439 930627176 82
436409439 930627196 82
436409439 930627486 83
436409439 930627496 83
436409439 930627616 80
436409439 930627746 82
436409439 930627836 81
436409439 936423854 81
436409439 949601179 81
436409439 968561617 94
436409439 979517098 81
667852635 674810554 2
667852635 685509613 440
667852635 760241947 2
667852635 760241994 0
667852635 760242017 1
667852635 760242040 1
667852635 760242166 1
667852635 760242333 0
667852635 760242399 1
667852635 760242444 0
667852635 760242670 0
667852635 760242890 0
667852635 760242914 1
667852635 760242938 2
667852635 760243319 0
667852635 760243417 0
667852635 760243527 1
667852635 760243587 2
667852635 807051501 231
667852635 807051581 153
667852635 807051831 0
667852635 807051851 0
667852635 807052171 32
667852635 807052191 216
667852635 807052210 0
667852635 807052380 1
667852635 807052420 49
667852635 807052770 0
667852635 807052820 1
667852635 820743455 1
667852635 820743465 6
667852635 820743515 433
667852635 820905197 0
667852635 820905217 0
667852635 820905567 0
667852635 820905747 0
667852635 820905767 0
667852635 820905977 1
667852635 824038961 376
667852635 824038987 376
667852635 824039126 376
667852635 824039260 377
667852635 824039471 376
667852635 824039484 376
667852635 824039761 376
667852635 824039851 559
667852635 824039875 401
667852635 824040039 376
667852635 824040125 410
667852635 824040515 377
667852635 824040951 382
667852635 930626766 11
667852635 930626866 13
667852635 930626886 1
667852635 930626996 0
667852635 930627026 2
667852635 930627036 1
667852635 930627176 1
667852635 930627196 1
667852635 930627486 2
667852635 930627496 2
667852635 930627616 1
667852635 930627746 1
667852635 930627836 0
667852635 936423854 3
667852635 949601179 0
667852635 968561617 13
667852635 979517098 2
674810554 685509613 440
674810554 760241947 4
674810554 760241994 2
674810554 760242017 3
674810554 760242040 3
674810554 760242166 3
674810554 760242333 2
674810554 760242399 3
674810554 760242444 2
674810554 760242670 2
674810554 760242890 2
674810554 760242914 3
674810554 760242938 4
674810554 760243319 2
674810554 760243417 2
674810554 760243527 3
674810554 760243587 4
674810554 807051501 233
674810554 807051581 155
674810554 807051831 2
674810554 807051851 2
674810554 807052171 34
674810554 807052191 218
674810554 807052210 2
674810554 807052380 3
674810554 807052420 51
674810554 807052770 2
674810554 807052820 3
674810554 820743455 3
674810554 820743465 6
674810554 820743515 435
674810554 820905197 2
674810554 820905217 2
674810554 820905567 2
674810554 820905747 2
674810554 820905767 2
674810554 820905977 3
674810554 824038961 378
674810554 824038987 378
674810554 824039126 378
674810554 824039260 377
674810554 824039471 378
674810554 824039484 378
674810554 824039761 378
674810554 824039851 561
674810554 824039875 403
674810554 824040039 378
674810554 824040125 412
674810554 824040515 377
674810554 824040951 384
674810554 930626766 13
674810554 930626866 15
674810554 930626886 3
674810554 930626996 2
674810554 930627026 4
674810554 930627036 3
674810554 930627176 3
674810554 930627196 3
674810554 930627486 4
674810554 930627496 4
674810554 930627616 3
674810554 930627746 3
674810554 930627836 2
674810554 936423854 3
674810554 949601179 2
674810554 968561617 15
674810554 979517098 2
685509613 760241947 441
685509613 760241994 440
685509613 760242017 441
685509613 760242040 441
685509613 760242166 441
685509613 760242333 440
685509613 760242399 441
685509613 760242444 440
685509613 760242670 440
685509613 760242890 440
685509613 760242914 440
685509613 760242938 442
685509613 760243319 440
685509613 760243417 440
685509613 760243527 441
685509613 760243587 442
685509613 807051501 663
685509613 807051581 581
685509613 807051831 440
685509613 807051851 440
685509613 807052171 470
685509613 807052191 642
685509613 807052210 440
685509613 807052380 441
685509613 807052420 486
685509613 807052770 440
685509613 807052820 441
685509613 820743455 441
685509613 820743465 443
685509613 820743515 856
685509613 820905197 440
685509613 820905217 440
685509613 820905567 440
685509613 820905747 440
685509613 820905767 440
685509613 820905977 441
685509613 824038961 66
685509613 824038987 66
685509613 824039126 67
685509613 824039260 65
685509613 824039471 66
685509613 824039484 66
685509613 824039761 67
685509613 824039851 242
685509613 824039875 90
685509613 824040039 67
685509613 824040125 100
685509613 824040515 65
685509613 824040951 72
685509613 930626766 448
685509613 930626866 451
685509613 930626886 439
685509613 930626996 440
685509613 930627026 440
685509613 930627036 441
685509613 930627176 440
685509613 930627196 441
685509613 930627486 442
685509613 930627496 441
685509613 930627616 439
685509613 930627746 440
685509613 930627836 440
685509613 936423854 441
685509613 949601179 440
685509613 968561617 440
685509613 979517098 440
760241947 760241994 2
760241947 760242017 1
760241947 760242040 3
760241947 760242166 3
760241947 760242333 2
760241947 760242399 3
760241947 760242444 2
760241947 760242670 2
760241947 760242890 2
760241947 760242914 3
760241947 760242938 4
760241947 760243319 2
760241947 760243417 2
760241947 760243527 3
760241947 760243587 4
760241947 807051501 233
760241947 807051581 155
760241947 807051831 2
760241947 807051851 2
760241947 807052171 34
760241947 807052191 218
760241947 807052210 2
760241947 807052380 3
760241947 807052420 51
760241947 807052770 2
760241947 807052820 3
760241947 820743455 3
760241947 820743465 8
760241947 820743515 435
760241947 820905197 2
760241947 820905217 2
760241947 820905567 2
760241947 820905747 2
760241947 820905767 2
760241947 820905977 3
760241947 824038961 377
760241947 824038987 377
760241947 824039126 377
760241947 824039260 378
760241947 824039471 377
760241947 824039484 377
760241947 824039761 377
760241947 824039851 560
760241947 824039875 402
760241947 824040039 377
760241947 824040125 411
760241947 824040515 378
760241947 824040951 383
760241947 930626766 13
760241947 930626866 15
760241947 930626886 3
760241947 930626996 2
760241947 930627026 4
760241947 930627036 3
760241947 930627176 3
760241947 930627196 3
760241947 930627486 4
760241947 930627496 4
760241947 930627616 3
760241947 930627746 3
760241947 930627836 2
760241947 936423854 5
760241947 949601179 2
760241947 968561617 15
760241947 979517098 4
760241994 760242017 1
760241994 760242040 1
760241994 760242166 1
760241994 760242333 0
760241994 760242399 1
760241994 760242444 0
760241994 760242670 0
760241994 760242890 0
760241994 760242914 1
760241994 760242938 2
760241994 760243319 0
760241994 760243417 0
760241994 760243527 1
760241994 760243587 2
760241994 807051501 231
760241994 807051581 153
760241994 807051831 0
760241994 807051851 0
760241994 807052171 32
760241994 807052191 216
760241994 807052210 0
760241994 807052380 1
760241994 807052420 49
760241994 807052770 0
760241994 807052820 1
760241994 820743455 1
760241994 820743465 6
760241994 820743515 433
760241994 820905197 0
760241994 820905217 0
760241994 820905567 0
760241994 820905747 0
760241994 820905767 0
760241994 820905977 1
760241994 824038961 376
760241994 824038987 376
760241994 824039126 376
760241994 824039260 377
760241994 824039471 376
760241994 824039484 376
760241994 824039761 376
760241994 824039851 559
760241994 824039875 401
760241994 824040039 376
760241994 824040125 410
760241994 824040515 377
760241994 824040951 382
760241994 930626766 11
760241994 930626866 13
760241994 930626886 1
760241994 930626996 0
760241994 930627026 2
760241994 930627036 1
760241994 930627176 1
760241994 930627196 1
760241994 930627486 2
760241994 930627496 2
760241994 930627616 1
760241994 930627746 1
760241994 930627836 0
760241994 936423854 3
760241994 949601179 0
760241994 968561617 13
760241994 979517098 2
760242017 760242040 2
760242017 760242166 2
760242017 760242333 1
760242017 760242399 2
760242017 760242444 1
760242017 760242670 1
760242017 760242890 1
760242017 760242914 2
760242017 760242938 3
760242017 760243319 1
760242017 760243417 1
760242017 760243527 2
760242017 760243587 3
760242017 807051501 232
760242017 807051581 154
760242017 807051831 1
760242017 807051851 1
760242017 807052171 33
760242017 807052191 217
760242017 807052210 1
760242017 807052380 2
760242017 807052420 50
760242017 807052770 1
760242017 807052820 2
760242017 820743455 2
760242017 820743465 7
760242017 820743515 434
760242017 820905197 1
760242017 820905217 1
760242017 820905567 1
760242017 820905747 1
760242017 820905767 1
760242017 820905977 2
760242017 824038961 377
760242017 824038987 377
760242017 824039126 377
760242017 824039260 378
760242017 824039471 377
760242017 824039484 377
760242017 824039761 377
760242017 824039851 560
760242017 824039875 402
760242017 824040039 377
760242017 824040125 411
760242017 824040515 378
760242017 824040951 383
760242017 930626766 12
760242017 930626866 14
760242017 930626886 2
760242017 930626996 1
760242017 930627026 3
760242017 930627036 2
760242017 930627176 2
760242017 930627196 2
760242017 930627486 3
760242017 930627496 3
760242017 930627616 2
760242017 930627746 2
760242017 930627836 1
760242017 936423854 4
760242017 949601179 1
760242017 968561617 14
760242017 979517098 3
760242040 760242166 2
760242040 760242333 1
760242040 760242399 2
760242040 760242444 1
760242040 760242670 1
760242040 760242890 1
760242040 760242914 2
760242040 760242938 3
760242040 760243319 1
760242040 760243417 1
760242040 760243527 2
760242040 760243587 3
760242040 807051501 232
760242040 807051581 154
760242040 807051831 1
760242040 807051851 1
760242040 807052171 33
760242040 807052191 217
760242040 807052210 1
760242040 807052380 2
760242040 807052420 50
760242040 807052770 1
760242040 807052820 2
760242040 820743455 2
760242040 820743465 7
760242040 820743515 434
760242040 820905197 1
760242040 820905217 1
760242040 820905567 1
760242040 820905747 1
760242040 820905767 1
760242040 820905977 2
760242040 824038961 377
760242040 824038987 377
760242040 824039126 377
760242040 824039260 378
760242040 824039471 377
760242040 824039484 377
760242040 824039761 377
760242040 824039851 559
760242040 824039875 402
760242040 824040039 377
760242040 824040125 411
760242040 824040515 378
760242040 824040951 383
760242040 930626766 12
760242040 930626866 14
760242040 930626886 2
760242040 930626996 1
760242040 930627026 3
760242040 930627036 2
760242040 930627176 2
760242040 930627196 2
760242040 930627486 3
760242040 930627496 3
760242040 930627616 2
760242040 930627746 2
760242040 930627836 1
760242040 936423854 4
760242040 949601179 1
760242040 968561617 14
760242040 979517098 3
760242166 760242333 1
760242166 760242399 0
760242166 760242444 1
760242166 760242670 1
760242166 760242890 1
760242166 760242914 2
760242166 760242938 3
760242166 760243319 1
760242166 760243417 1
760242166 760243527 0
760242166 760243587 3
760242166 807051501 232
760242166 807051581 154
760242166 807051831 1
760242166 807051851 1
760242166 807052171 33
760242166 807052191 217
760242166 807052210 1
760242166 807052380 2
760242166 807052420 50
760242166 807052770 1
760242166 807052820 2
760242166 820743455 2
760242166 820743465 7
760242166 820743515 433
760242166 820905197 1
760242166 820905217 1
760242166 820905567 1
760242166 820905747 1
760242166 820905767 1
760242166 820905977 2
760242166 824038961 377
760242166 824038987 377
760242166 824039126 377
760242166 824039260 378
760242166 824039471 377
760242166 824039484 377
760242166 824039761 377
760242166 824039851 560
760242166 824039875 402
760242166 824040039 377
760242166 824040125 411
760242166 824040515 378
760242166 824040951 383
760242166 930626766 12
760242166 930626866 14
760242166 930626886 2
760242166 930626996 1
760242166 930627026 3
760242166 930627036 2
760242166 930627176 2
760242166 930627196 2
760242166 930627486 3
760242166 930627496 3
760242166 930627616 2
760242166 930627746 2
760242166 930627836 1
760242166 936423854 4
760242166 949601179 1
760242166 968561617 14
760242166 979517098 3
760242333 760242399 1
760242333 760242444 0
760242333 760242670 0
760242333 760242890 0
760242333 760242914 1
760242333 760242938 2
760242333 760243319 0
760242333 760243417 0
760242333 760243527 1
760242333 760243587 2
760242333 807051501 231
760242333 807051581 153
760242333 807051831 0
760242333 807051851 0
760242333 807052171 32
760242333 807052191 216
760242333 807052210 0
760242333 807052380 1
760242333 807052420 49
760242333 807052770 0
760242333 807052820 1
760242333 820743455 1
760242333 820743465 6
760242333 820743515 433
760242333 820905197 0
760242333 820905217 0
760242333 820905567 0
760242333 820905747 0
760242333 820905767 0
760242333 820905977 1
760242333 824038961 376
760242333 824038987 376
760242333 824039126 376
760242333 824039260 377
760242333 824039471 376
760242333 824039484 376
760242333 824039761 376
760242333 824039851 559
760242333 824039875 401
760242333 824040039 376
760242333 824040125 410
760242333 824040515 377
760242333 824040951 382
760242333 930626766 11
760242333 930626866 13
760242333 930626886 1
760242333 930626996 0
760242333 930627026 2
760242333 930627036 1
760242333 930627176 1
760242333 930627196 1
760242333 930627486 2
760242333 930627496 2
760242333 930627616 1
760242333 930627746 1
760242333 930627836 0
760242333 936423854 3
760242333 949601179 0
760242333 968561617 13
760242333 979517098 2
760242399 760242444 1
760242399 760242670 1
760242399 760242890 1
760242399 760242914 2
760242399 760242938 3
760242399 760243319 1
760242399 760243417 1
760242399 760243527 0
760242399 760243587 3
760242399 807051501 232
760242399 807051581 154
760242399 807051831 1
760242399 807051851 1
760242399 807052171 33
760242399 807052191 217
760242399 807052210 1
760242399 807052380 2
760242399 807052420 50
760242399 807052770 1
760242399 807052820 2
760242399 820743455 2
760242399 820743465 7
760242399 820743515 433
760242399 820905197 1
760242399 820905217 1
760242399 820905567 1
760242399 820905747 1
760242399 820905767 1
760242399 820905977 2
760242399 824038961 377
760242399 824038987 377
760242399 824039126 377
760242399 824039260 378
760242399 824039471 377
760242399 824039484 377
760242399 824039761 377
760242399 824039851 560
760242399 824039875 402
760242399 824040039 377
760242399 824040125 411
760242399 824040515 378
760242399 824040951 383
760242399 930626766 12
760242399 930626866 14
760242399 930626886 2
760242399 930626996 1
760242399 930627026 3
760242399 930627036 2
760242399 930627176 2
760242399 930627196 2
760242399 930627486 3
760242399 930627496 3
760242399 930627616 2
760242399 930627746 2
760242399 930627836 1
760242399 936423854 4
760242399 949601179 1
760242399 968561617 14
760242399 979517098 3
760242444 760242670 0
760242444 760242890 0
760242444 760242914 1
760242444 760242938 2
760242444 760243319 0
760242444 760243417 0
760242444 760243527 1
760242444 760243587 2
760242444 807051501 231
760242444 807051581 153
760242444 807051831 0
760242444 807051851 0
760242444 807052171 32
760242444 807052191 216
760242444 807052210 0
760242444 807052380 1
760242444 807052420 49
760242444 807052770 0
760242444 807052820 1
760242444 820743455 1
760242444 820743465 6
760242444 820743515 433
760242444 820905197 0
760242444 820905217 0
760242444 820905567 0
760242444 820905747 0
760242444 820905767 0
760242444 820905977 1
760242444 824038961 376
760242444 824038987 376
760242444 824039126 376
760242444 824039260 377
760242444 824039471 376
760242444 824039484 376
760242444 824039761 376
760242444 824039851 559
760242444 824039875 401
760242444 824040039 376
760242444 824040125 410
760242444 824040515 377
760242444 824040951 382
760242444 930626766 11
760242444 930626866 13
760242444 930626886 1
760242444 930626996 0
760242444 930627026 2
760242444 930627036 1
760242444 930627176 1
760242444 930627196 1
760242444 930627486 2
760242444 930627496 2
760242444 930627616 1
760242444 930627746 1
760242444 930627836 0
760242444 936423854 3
760242444 949601179 0
760242444 968561617 13
760242444 979517098 2
760242670 760242890 0
760242670 760242914 1
760242670 760242938 2
760242670 760243319 0
760242670 760243417 0
760242670 760243527 1
760242670 760243587 2
760242670 807051501 231
760242670 807051581 153
760242670 807051831 0
760242670 807051851 0
760242670 807052171 32
760242670 807052191 216
760242670 807052210 0
760242670 807052380 1
760242670 807052420 49
760242670 807052770 0
760242670 807052820 1
760242670 820743455 1
760242670 820743465 6
760242670 820743515 433
760242670 820905197 0
760242670 820905217 0
760242670 820905567 0
760242670 820905747 0
760242670 820905767 0
760242670 820905977 1
760242670 824038961 376
760242670 824038987 376
760242670 824039126 376
760242670 824039260 377
760242670 824039471 376
760242670 824039484 376
760242670 824039761 376
760242670 824039851 559
760242670 824039875 401
760242670 824040039 376
760242670 824040125 410
760242670 824040515 377
760242670 824040951 382
760242670 930626766 11
760242670 930626866 13
760242670 930626886 1
760242670 930626996 0
760242670 930627026 2
760242670 930627036 1
760242670 930627176 1
760242670 930627196 1
760242670 930627486 2
760242670 930627496 2
760242670 930627616 1
760242670 930627746 1
760242670 930627836 0
760242670 936423854 3
760242670 949601179 0
760242670 968561617 13
760242670 979517098 2
760242890 760242914 1
760242890 760242938 2
760242890 760243319 0
760242890 760243417 0
760242890 760243527 1
760242890 760243587 2
760242890 807051501 231
760242890 807051581 153
760242890 807051831 0
760242890 807051851 0
760242890 807052171 32
760242890 807052191 216
760242890 807052210 0
760242890 807052380 1
760242890 807052420 49
760242890 807052770 0
760242890 807052820 1
760242890 820743455 1
760242890 820743465 6
760242890 820743515 433
760242890 820905197 0
760242890 820905217 0
760242890 820905567 0
760242890 820905747 0
760242890 820905767 0
760242890 820905977 1
760242890 824038961 376
760242890 824038987 376
760242890 824039126 376
760242890 824039260 377
760242890 824039471 376
760242890 824039484 376
760242890 824039761 376
760242890 824039851 559
760242890 824039875 401
760242890 824040039 376
760242890 824040125 410
760242890 824040515 377
760242890 824040951 382
760242890 930626766 11
760242890 930626866 13
760242890 930626886 1
760242890 930626996 0
760242890 930627026 2
760242890 930627036 1
760242890 930627176 1
760242890 930627196 1
760242890 930627486 2
760242890 930627496 2
760242890 930627616 1
760242890 930627746 1
760242890 930627836 0
760242890 936423854 3
760242890 949601179 0
760242890 968561617 13
760242890 979517098 2
760242914 760242938 3
760242914 760243319 1
760242914 760243417 1
760242914 760243527 2
760242914 760243587 3
760242914 807051501 232
760242914 807051581 154
760242914 807051831 1
760242914 807051851 1
760242914 807052171 33
760242914 807052191 217
760242914 807052210 1
760242914 807052380 2
760242914 807052420 50
760242914 807052770 1
760242914 807052820 2
760242914 820743455 2
760242914 820743465 7
760242914 820743515 434
760242914 820905197 1
760242914 820905217 1
760242914 820905567 1
760242914 820905747 1
760242914 820905767 1
760242914 820905977 2
760242914 824038961 376
760242914 824038987 376
760242914 824039126 376
760242914 824039260 377
760242914 824039471 376
760242914 824039484 376
760242914 824039761 376
760242914 824039851 559
760242914 824039875 401
760242914 824040039 376
760242914 824040125 410
760242914 824040515 377
760242914 824040951 382
760242914 930626766 12
760242914 930626866 14
760242914 930626886 2
760242914 930626996 1
760242914 930627026 3
760242914 930627036 2
760242914 930627176 2
760242914 930627196 2
760242914 930627486 3
760242914 930627496 3
760242914 930627616 2
760242914 930627746 2
760242914 930627836 1
760242914 936423854 4
760242914 949601179 1
760242914 968561617 14
760242914 979517098 3
760242938 760243319 2
760242938 760243417 2
760242938 760243527 3
760242938 760243587 4
760242938 807051501 233
760242938 807051581 154
760242938 807051831 2
760242938 807051851 2
760242938 807052171 34
760242938 807052191 218
760242938 807052210 2
760242938 807052380 1
760242938 807052420 51
760242938 807052770 2
760242938 807052820 3
760242938 820743455 3
760242938 820743465 8
760242938 820743515 434
760242938 820905197 2
760242938 820905217 2
760242938 820905567 2
760242938 820905747 2
760242938 820905767 2
760242938 820905977 3
760242938 824038961 378
760242938 824038987 378
760242938 824039126 378
760242938 824039260 379
760242938 824039471 378
760242938 824039484 378
760242938 824039761 378
760242938 824039851 561
760242938 824039875 403
760242938 824040039 378
760242938 824040125 412
760242938 824040515 379
760242938 824040951 384
760242938 930626766 13
760242938 930626866 15
760242938 930626886 3
760242938 930626996 2
760242938 930627026 4
760242938 930627036 3
760242938 930627176 3
760242938 930627196 3
760242938 930627486 4
760242938 930627496 4
760242938 930627616 3
760242938 930627746 3
760242938 930627836 2
760242938 936423854 5
760242938 949601179 2
760242938 968561617 15
760242938 979517098 4
760243319 760243417 0
760243319 760243527 1
760243319 760243587 2
760243319 807051501 231
760243319 807051581 153
760243319 807051831 0
760243319 807051851 0
760243319 807052171 32
760243319 807052191 216
760243319 807052210 0
760243319 807052380 1
760243319 807052420 49
760243319 807052770 0
760243319 807052820 1
760243319 820743455 1
760243319 820743465 6
760243319 820743515 433
760243319 820905197 0
760243319 820905217 0
760243319 820905567 0
760243319 820905747 0
760243319 820905767 0
760243319 820905977 1
760243319 824038961 376
760243319 824038987 376
760243319 824039126 376
760243319 824039260 377
760243319 824039471 376
760243319 824039484 376
760243319 824039761 376
760243319 824039851 559
760243319 824039875 401
760243319 824040039 376
760243319 824040125 410
760243319 824040515 377
760243319 824040951 382
760243319 930626766 11
760243319 930626866 13
760243319 930626886 1
760243319 930626996 0
760243319 930627026 2
760243319 930627036 1
760243319 930627176 1
760243319 930627196 1
760243319 930627486 2
760243319 930627496 2
760243319 930627616 1
760243319 930627746 1
760243319 930627836 0
760243319 936423854 3
760243319 949601179 0
760243319 968561617 13
760243319 979517098 2
760243417 760243527 1
760243417 760243587 2
760243417 807051501 231
760243417 807051581 153
760243417 807051831 0
760243417 807051851 0
760243417 807052171 32
760243417 807052191 216
760243417 807052210 0
760243417 807052380 1
760243417 807052420 49
760243417 807052770 0
760243417 807052820 1
760243417 820743455 1
760243417 820743465 6
760243417 820743515 433
760243417 820905197 0
760243417 820905217 0
760243417 820905567 0
760243417 820905747 0
760243417 820905767 0
760243417 820905977 1
760243417 824038961 376
760243417 824038987 376
760243417 824039126 376
760243417 824039260 377
760243417 824039471 376
760243417 824039484 376
760243417 824039761 376
760243417 824039851 559
760243417 824039875 401
760243417 824040039 376
760243417 824040125 410
760243417 824040515 377
760243417 824040951 382
760243417 930626766 11
760243417 930626866 13
760243417 930626886 1
760243417 930626996 0
760243417 930627026 2
760243417 930627036 1
760243417 930627176 1
760243417 930627196 1
760243417 930627486 2
760243417 930627496 2
760243417 930627616 1
760243417 930627746 1
760243417 930627836 0
760243417 936423854 3
760243417 949601179 0
760243417 968561617 13
760243417 979517098 2
760243527 760243587 3
760243527 807051501 232
760243527 807051581 154
760243527 807051831 1
760243527 807051851 1
760243527 807052171 33
760243527 807052191 217
760243527 807052210 1
760243527 807052380 2
760243527 807052420 50
760243527 807052770 1
760243527 807052820 2
760243527 820743455 2
760243527 820743465 7
760243527 820743515 433
760243527 820905197 1
760243527 820905217 1
760243527 820905567 1
760243527 820905747 1
760243527 820905767 1
760243527 820905977 2
760243527 824038961 377
760243527 824038987 377
760243527 824039126 377
760243527 824039260 378
760243527 824039471 377
760243527 824039484 377
760243527 824039761 377
760243527 824039851 560
760243527 824039875 402
760243527 824040039 377
760243527 824040125 411
760243527 824040515 378
760243527 824040951 383
760243527 930626766 12
760243527 930626866 14
760243527 930626886 2
760243527 930626996 1
760243527 930627026 3
760243527 930627036 2
760243527 930627176 2
760243527 930627196 2
760243527 930627486 3
760243527 930627496 3
760243527 930627616 2
760243527 930627746 2
760243527 930627836 1
760243527 936423854 4
760243527 949601179 1
760243527 968561617 14
760243527 979517098 3
760243587 807051501 233
760243587 807051581 155
760243587 807051831 2
760243587 807051851 2
760243587 807052171 34
760243587 807052191 218
760243587 807052210 2
760243587 807052380 3
760243587 807052420 51
760243587 807052770 2
760243587 807052820 3
760243587 820743455 3
760243587 820743465 8
760243587 820743515 435
760243587 820905197 2
760243587 820905217 2
760243587 820905567 2
760243587 820905747 2
760243587 820905767 2
760243587 820905977 3
760243587 824038961 378
760243587 824038987 378
760243587 824039126 378
760243587 824039260 379
760243587 824039471 378
760243587 824039484 378
760243587 824039761 378
760243587 824039851 560
760243587 824039875 403
760243587 824040039 378
760243587 824040125 412
760243587 824040515 379
760243587 824040951 384
760243587 930626766 13
760243587 930626866 15
760243587 930626886 3
760243587 930626996 2
760243587 930627026 4
760243587 930627036 3
760243587 930627176 3
760243587 930627196 3
760243587 930627486 4
760243587 930627496 4
760243587 930627616 3
760243587 930627746 3
760243587 930627836 2
760243587 936423854 5
760243587 949601179 2
760243587 968561617 15
760243587 979517098 4
807051501 807051581 236
807051501 807051831 231
807051501 807051851 231
807051501 807052171 199
807051501 807052191 233
807051501 807052210 231
807051501 807052380 232
807051501 807052420 182
807051501 807052770 231
807051501 807052820 232
807051501 820743455 232
807051501 820743465 236
807051501 820743515 484
807051501 820905197 231
807051501 820905217 231
807051501 820905567 231
807051501 820905747 231
807051501 820905767 231
807051501 820905977 232
807051501 824038961 607
807051501 824038987 607
807051501 824039126 607
807051501 824039260 608
807051501 824039471 607
807051501 824039484 607
807051501 824039761 607
807051501 824039851 790
807051501 824039875 632
807051501 824040039 607
807051501 824040125 641
807051501 824040515 608
807051501 824040951 612
807051501 930626766 242
807051501 930626866 244
807051501 930626886 232
807051501 930626996 231
807051501 930627026 233
807051501 930627036 232
807051501 930627176 232
807051501 930627196 232
807051501 930627486 233
807051501 930627496 231
807051501 930627616 232
807051501 930627746 232
807051501 930627836 231
807051501 936423854 233
807051501 949601179 231
807051501 968561617 244
807051501 979517098 233
807051581 807051831 153
807051581 807051851 153
807051581 807052171 121
807051581 807052191 247
807051581 807052210 153
807051581 807052380 153
807051581 807052420 108
807051581 807052770 153
807051581 807052820 154
807051581 820743455 154
807051581 820743465 159
807051581 820743515 372
807051581 820905197 153
807051581 820905217 153
807051581 820905567 153
807051581 820905747 153
807051581 820905767 153
807051581 820905977 154
807051581 824038961 529
807051581 824038987 529
807051581 824039126 529
807051581 824039260 530
807051581 824039471 529
807051581 824039484 529
807051581 824039761 529
807051581 824039851 712
807051581 824039875 554
807051581 824040039 529
807051581 824040125 563
807051581 824040515 530
807051581 824040951 535
807051581 930626766 164
807051581 930626866 166
807051581 930626886 154
807051581 930626996 153
807051581 930627026 155
807051581 930627036 153
807051581 930627176 154
807051581 930627196 154
807051581 930627486 155
807051581 930627496 155
807051581 930627616 154
807051581 930627746 154
807051581 930627836 153
807051581 936423854 155
807051581 949601179 153
807051581 968561617 166
807051581 979517098 155
807051831 807051851 0
807051831 807052171 32
807051831 807052191 216
807051831 807052210 0
807051831 807052380 1
807051831 807052420 49
807051831 807052770 0
807051831 807052820 1
807051831 820743455 1
807051831 820743465 6
807051831 820743515 433
807051831 820905197 0
807051831 820905217 0
807051831 820905567 0
807051831 820905747 0
807051831 820905767 0
807051831 820905977 1
807051831 824038961 376
807051831 824038987 376
807051831 824039126 376
807051831 824039260 377
807051831 824039471 376
807051831 824039484 376
807051831 824039761 376
807051831 824039851 559
807051831 824039875 401
807051831 824040039 376
807051831 824040125 410
807051831 824040515 377
807051831 824040951 382
807051831 930626766 11
807051831 930626866 13
807051831 930626886 1
807051831 930626996 0
807051831 930627026 2
807051831 930627036 1
807051831 930627176 1
807051831 930627196 1
807051831 930627486 2
807051831 930627496 2
807051831 930627616 1
807051831 930627746 1
807051831 930627836 0
807051831 936423854 3
807051831 949601179 0
807051831 968561617 13
807051831 979517098 2
807051851 807052171 32
807051851 807052191 216
807051851 807052210 0
807051851 807052380 1
807051851 807052420 49
807051851 807052770 0
807051851 807052820 1
807051851 820743455 1
807051851 820743465 6
807051851 820743515 433
807051851 820905197 0
807051851 820905217 0
807051851 820905567 0
807051851 820905747 0
807051851 820905767 0
807051851 820905977 1
807051851 824038961 376
807051851 824038987 376
807051851 824039126 376
807051851 824039260 377
807051851 824039471 376
807051851 824039484 376
807051851 824039761 376
807051851 824039851 559
807051851 824039875 401
807051851 824040039 376
807051851 824040125 410
807051851 824040515 377
807051851 824040951 382
807051851 930626766 11
807051851 930626866 13
807051851 930626886 1
807051851 930626996 0
807051851 930627026 2
807051851 930627036 1
807051851 930627176 1
807051851 930627196 1
807051851 930627486 2
807051851 930627496 2
807051851 930627616 1
807051851 930627746 1
807051851 930627836 0
807051851 936423854 3
807051851 949601179 0
807051851 968561617 13
807051851 979517098 2
807052171 807052191 220
807052171 807052210 32
807052171 807052380 33
807052171 807052420 48
807052171 807052770 32
807052171 807052820 33
807052171 820743455 33
807052171 820743465 38
807052171 820743515 401
807052171 820905197 32
807052171 820905217 32
807052171 820905567 32
807052171 820905747 32
807052171 820905767 32
807052171 820905977 33
807052171 824038961 408
807052171 824038987 408
807052171 824039126 408
807052171 824039260 409
807052171 824039471 408
807052171 824039484 408
807052171 824039761 408
807052171 824039851 591
807052171 824039875 433
807052171 824040039 408
807052171 824040125 442
807052171 824040515 409
807052171 824040951 414
807052171 930626766 43
807052171 930626866 45
807052171 930626886 33
807052171 930626996 32
807052171 930627026 34
807052171 930627036 33
807052171 930627176 33
807052171 930627196 33
807052171 930627486 34
807052171 930627496 34
807052171 930627616 33
807052171 930627746 33
807052171 930627836 32
807052171 936423854 34
807052171 949601179 32
807052171 968561617 45
807052171 979517098 34
807052191 807052210 216
807052191 807052380 217
807052191 807052420 221
807052191 807052770 216
807052191 807052820 216
807052191 820743455 217
807052191 820743465 221
807052191 820743515 531
807052191 820905197 216
807052191 820905217 216
807052191 820905567 216
807052191 820905747 216
807052191 820905767 216
807052191 820905977 217
807052191 824038961 592
807052191 824038987 592
807052191 824039126 592
807052191 824039260 593
807052191 824039471 592
807052191 824039484 592
807052191 824039761 592
807052191 824039851 775
807052191 824039875 617
807052191 824040039 592
807052191 824040125 626
807052191 824040515 593
807052191 824040951 598
807052191 930626766 227
807052191 930626866 229
807052191 930626886 217
807052191 930626996 216
807052191 930627026 218
807052191 930627036 217
807052191 930627176 217
807052191 930627196 217
807052191 930627486 218
807052191 930627496 216
807052191 930627616 217
807052191 930627746 217
807052191 930627836 216
807052191 936423854 218
807052191 949601179 216
807052191 968561617 229
807052191 979517098 218
807052210 807052380 1
807052210 807052420 49
807052210 807052770 0
807052210 807052820 1
807052210 820743455 1
807052210 820743465 6
807052210 820743515 433
807052210 820905197 0
807052210 820905217 0
807052210 820905567 0
807052210 820905747 0
807052210 820905767 0
807052210 820905977 1
807052210 824038961 376
807052210 824038987 376
807052210 824039126 376
807052210 824039260 377
807052210 824039471 376
807052210 824039484 376
807052210 824039761 376
807052210 824039851 559
807052210 824039875 401
807052210 824040039 376
807052210 824040125 410
807052210 824040515 377
807052210 824040951 382
807052210 930626766 11
807052210 930626866 13
807052210 930626886 1
807052210 930626996 0
807052210 930627026 2
807052210 930627036 1
807052210 930627176 1
807052210 930627196 1
807052210 930627486 2
807052210 930627496 2
807052210 930627616 1
807052210 930627746 1
807052210 930627836 0
807052210 936423854 3
807052210 949601179 0
807052210 968561617 13
807052210 979517098 2
807052380 807052420 50
807052380 807052770 1
807052380 807052820 2
807052380 820743455 2
807052380 820743465 7
807052380 820743515 434
807052380 820905197 1
807052380 820905217 1
807052380 820905567 1
807052380 820905747 1
807052380 820905767 1
807052380 820905977 2
807052380 824038961 377
807052380 824038987 377
807052380 824039126 377
807052380 824039260 378
807052380 824039471 377
807052380 824039484 377
807052380 824039761 377
807052380 824039851 560
807052380 824039875 402
807052380 824040039 377
807052380 824040125 411
807052380 824040515 378
807052380 824040951 383
807052380 930626766 12
807052380 930626866 14
807052380 930626886 2
807052380 930626996 1
807052380 930627026 3
807052380 930627036 2
807052380 930627176 2
807052380 930627196 2
807052380 930627486 3
807052380 930627496 3
807052380 930627616 2
807052380 930627746 2
807052380 930627836 1
807052380 936423854 4
807052380 949601179 1
807052380 968561617 14
807052380 979517098 3
807052420 807052770 49
807052420 807052820 50
807052420 820743455 50
807052420 820743465 55
807052420 820743515 388
807052420 820905197 49
807052420 820905217 49
807052420 820905567 49
807052420 820905747 49
807052420 820905767 49
807052420 820905977 50
807052420 824038961 425
807052420 824038987 425
807052420 824039126 425
807052420 824039260 426
807052420 824039471 425
807052420 824039484 425
807052420 824039761 425
807052420 824039851 608
807052420 824039875 450
807052420 824040039 425
807052420 824040125 459
807052420 824040515 426
807052420 824040951 431
807052420 930626766 60
807052420 930626866 62
807052420 930626886 50
807052420 930626996 49
807052420 930627026 51
807052420 930627036 50
807052420 930627176 50
807052420 930627196 50
807052420 930627486 51
807052420 930627496 51
807052420 930627616 50
807052420 930627746 50
807052420 930627836 49
807052420 936423854 52
807052420 949601179 49
807052420 968561617 62
807052420 979517098 51
807052770 807052820 1
807052770 820743455 1
807052770 820743465 6
807052770 820743515 433
807052770 820905197 0
807052770 820905217 0
807052770 820905567 0
807052770 820905747 0
807052770 820905767 0
807052770 820905977 1
807052770 824038961 376
807052770 824038987 376
807052770 824039126 376
807052770 824039260 377
807052770 824039471 376
807052770 824039484 376
807052770 824039761 376
807052770 824039851 559
807052770 824039875 401
807052770 824040039 376
807052770 824040125 410
807052770 824040515 377
807052770 824040951 382
807052770 930626766 11
807052770 930626866 13
807052770 930626886 1
807052770 930626996 0
807052770 930627026 2
807052770 930627036 1
807052770 930627176 1
807052770 930627196 1
807052770 930627486 2
807052770 930627496 2
807052770 930627616 1
807052770 930627746 1
807052770 930627836 0
807052770 936423854 3
807052770 949601179 0
807052770 968561617 13
807052770 979517098 2
807052820 820743455 2
807052820 820743465 7
807052820 820743515 434
807052820 820905197 1
807052820 820905217 1
807052820 820905567 1
807052820 820905747 1
807052820 820905767 1
807052820 820905977 2
807052820 824038961 377
807052820 824038987 377
807052820 824039126 377
807052820 824039260 378
807052820 824039471 377
807052820 824039484 377
807052820 824039761 377
807052820 824039851 560
807052820 824039875 402
807052820 824040039 377
807052820 824040125 411
807052820 824040515 378
807052820 824040951 383
807052820 930626766 12
807052820 930626866 14
807052820 930626886 2
807052820 930626996 1
807052820 930627026 3
807052820 930627036 2
807052820 930627176 2
807052820 930627196 2
807052820 930627486 3
807052820 930627496 3
807052820 930627616 2
807052820 930627746 2
807052820 930627836 1
807052820 936423854 4
807052820 949601179 1
807052820 968561617 14
807052820 979517098 3
820743455 820743465 7
820743455 820743515 434
820743455 820905197 1
820743455 820905217 1
820743455 820905567 1
820743455 820905747 1
820743455 820905767 1
820743455 820905977 2
820743455 824038961 377
820743455 824038987 377
820743455 824039126 377
820743455 824039260 378
820743455 824039471 377
820743455 824039484 377
820743455 824039761 377
820743455 824039851 560
820743455 824039875 402
820743455 824040039 377
820743455 824040125 411
820743455 824040515 378
820743455 824040951 383
820743455 930626766 12
820743455 930626866 14
820743455 930626886 2
820743455 930626996 1
820743455 930627026 3
820743455 930627036 2
820743455 930627176 2
820743455 930627196 2
820743455 930627486 3
820743455 930627496 3
820743455 930627616 2
820743455 930627746 2
820743455 930627836 1
820743455 936423854 4
820743455 949601179 1
820743455 968561617 14
820743455 979517098 3
820743465 820743515 438
820743465 820905197 6
820743465 820905217 6
820743465 820905567 6
820743465 820905747 6
820743465 820905767 6
820743465 820905977 7
820743465 824038961 382
820743465 824038987 382
820743465 824039126 382
820743465 824039260 381
820743465 824039471 382
820743465 824039484 382
820743465 824039761 382
820743465 824039851 565
820743465 824039875 407
820743465 824040039 382
820743465 824040125 416
820743465 824040515 381
820743465 824040951 388
820743465 930626766 17
820743465 930626866 19
820743465 930626886 7
820743465 930626996 6
820743465 930627026 8
820743465 930627036 7
820743465 930627176 7
820743465 930627196 7
820743465 930627486 8
820743465 930627496 8
820743465 930627616 7
820743465 930627746 7
820743465 930627836 6
820743465 936423854 7
820743465 949601179 6
820743465 968561617 19
820743465 979517098 6
820743515 820905197 433
820743515 820905217 433
820743515 820905567 433
820743515 820905747 433
820743515 820905767 433
820743515 820905977 434
820743515 824038961 807
820743515 824038987 807
820743515 824039126 807
820743515 824039260 808
820743515 824039471 807
820743515 824039484 807
820743515 824039761 807
820743515 824039851 886
820743515 824039875 802
820743515 824040039 807
820743515 824040125 841
820743515 824040515 808
820743515 824040951 812
820743515 930626766 432
820743515 930626866 446
820743515 930626886 434
820743515 930626996 433
820743515 930627026 435
820743515 930627036 434
820743515 930627176 434
820743515 930627196 434
820743515 930627486 434
820743515 930627496 435
820743515 930627616 433
820743515 930627746 434
820743515 930627836 433
820743515 936423854 434
820743515 949601179 433
820743515 968561617 446
820743515 979517098 434
820905197 820905217 0
820905197 820905567 0
820905197 820905747 0
820905197 820905767 0
820905197 820905977 1
820905197 824038961 376
820905197 824038987 376
820905197 824039126 376
820905197 824039260 377
820905197 824039471 376
820905197 824039484 376
820905197 824039761 376
820905197 824039851 559
820905197 824039875 401
820905197 824040039 376
820905197 824040125 410
820905197 824040515 377
820905197 824040951 382
820905197 930626766 11
820905197 930626866 13
820905197 930626886 1
820905197 930626996 0
820905197 930627026 2
820905197 930627036 1
820905197 930627176 1
820905197 930627196 1
820905197 930627486 2
820905197 930627496 2
820905197 930627616 1
820905197 930627746 1
820905197 930627836 0
820905197 936423854 3
820905197 949601179 0
820905197 968561617 13
820905197 979517098 2
820905217 820905567 0
820905217 820905747 0
820905217 820905767 0
820905217 820905977 1
820905217 824038961 376
820905217 824038987 376
820905217 824039126 376
820905217 824039260 377
820905217 824039471 376
820905217 824039484 376
820905217 824039761 376
820905217 824039851 559
820905217 824039875 401
820905217 824040039 376
820905217 824040125 410
820905217 824040515 377
820905217 824040951 382
820905217 930626766 11
820905217 930626866 13
820905217 930626886 1
820905217 930626996 0
820905217 930627026 2
820905217 930627036 1
820905217 930627176 1
820905217 930627196 1
820905217 930627486 2
820905217 930627496 2
820905217 930627616 1
820905217 930627746 1
820905217 930627836 0
820905217 936423854 3
820905217 949601179 0
820905217 968561617 13
820905217 979517098 2
820905567 820905747 0
820905567 820905767 0
820905567 820905977 1
820905567 824038961 376
820905567 824038987 376
820905567 824039126 376
820905567 824039260 377
820905567 824039471 376
820905567 824039484 376
820905567 824039761 376
820905567 824039851 559
820905567 824039875 401
820905567 824040039 376
820905567 824040125 410
820905567 824040515 377
820905567 824040951 382
820905567 930626766 11
820905567 930626866 13
820905567 930626886 1
820905567 930626996 0
820905567 930627026 2
820905567 930627036 1
820905567 930627176 1
820905567 930627196 1
820905567 930627486 2
820905567 930627496 2
820905567 930627616 1
820905567 930627746 1
820905567 930627836 0
820905567 936423854 3
820905567 949601179 0
820905567 968561617 13
820905567 979517098 2
820905747 820905767 0
820905747 820905977 1
820905747 824038961 376
820905747 824038987 376
820905747 824039126 376
820905747 824039260 377
820905747 824039471 376
820905747 824039484 376
820905747 824039761 376
820905747 824039851 559
820905747 824039875 401
820905747 824040039 376
820905747 824040125 410
820905747 824040515 377
820905747 824040951 382
820905747 930626766 11
820905747 930626866 13
820905747 930626886 1
820905747 930626996 0
820905747 930627026 2
820905747 930627036 1
820905747 930627176 1
820905747 930627196 1
820905747 930627486 2
820905747 930627496 2
820905747 930627616 1
820905747 930627746 1
820905747 930627836 0
820905747 936423854 3
820905747 949601179 0
820905747 968561617 13
820905747 979517098 2
820905767 820905977 1
820905767 824038961 376
820905767 824038987 376
820905767 824039126 376
820905767 824039260 377
820905767 824039471 376
820905767 824039484 376
820905767 824039761 376
820905767 824039851 559
820905767 824039875 401
820905767 824040039 376
820905767 824040125 410
820905767 824040515 377
820905767 824040951 382
820905767 930626766 11
820905767 930626866 13
820905767 930626886 1
820905767 930626996 0
820905767 930627026 2
820905767 930627036 1
820905767 930627176 1
820905767 930627196 1
820905767 930627486 2
820905767 930627496 2
820905767 930627616 1
820905767 930627746 1
820905767 930627836 0
820905767 936423854 3
820905767 949601179 0
820905767 968561617 13
820905767 979517098 2
820905977 824038961 377
820905977 824038987 377
820905977 824039126 377
820905977 824039260 378
820905977 824039471 377
820905977 824039484 377
820905977 824039761 377
820905977 824039851 560
820905977 824039875 402
820905977 824040039 377
820905977 824040125 411
820905977 824040515 378
820905977 824040951 383
820905977 930626766 12
820905977 930626866 14
820905977 930626886 2
820905977 930626996 1
820905977 930627026 3
820905977 930627036 2
820905977 930627176 2
820905977 930627196 2
820905977 930627486 3
820905977 930627496 3
820905977 930627616 2
820905977 930627746 2
820905977 930627836 1
820905977 936423854 4
820905977 949601179 1
820905977 968561617 14
820905977 979517098 3
824038961 824038987 0
824038961 824039126 1
824038961 824039260 1
824038961 824039471 0
824038961 824039484 0
824038961 824039761 1
824038961 824039851 183
824038961 824039875 25
824038961 824040039 1
824038961 824040125 35
824038961 824040515 1
824038961 824040951 6
824038961 930626766 386
824038961 930626866 388
824038961 930626886 377
824038961 930626996 376
824038961 930627026 376
824038961 930627036 377
824038961 930627176 376
824038961 930627196 377
824038961 930627486 378
824038961 930627496 377
824038961 930627616 377
824038961 930627746 376
824038961 930627836 376
824038961 936423854 379
824038961 949601179 376
824038961 968561617 376
824038961 979517098 378
824038987 824039126 1
824038987 824039260 1
824038987 824039471 0
824038987 824039484 0
824038987 824039761 1
824038987 824039851 183
824038987 824039875 25
824038987 824040039 1
824038987 824040125 35
824038987 824040515 1
824038987 824040951 6
824038987 930626766 386
824038987 930626866 388
824038987 930626886 377
824038987 930626996 376
824038987 930627026 376
824038987 930627036 377
824038987 930627176 376
824038987 930627196 377
824038987 930627486 378
824038987 930627496 377
824038987 930627616 377
824038987 930627746 376
824038987 930627836 376
824038987 936423854 379
824038987 949601179 376
824038987 968561617 376
824038987 979517098 378
824039126 824039260 2
824039126 824039471 1
824039126 824039484 1
824039126 824039761 0
824039126 824039851 184
824039126 824039875 26
824039126 824040039 0
824039126 824040125 34
824039126 824040515 2
824039126 824040951 7
824039126 930626766 386
824039126 930626866 388
824039126 930626886 377
824039126 930626996 376
824039126 930627026 376
824039126 930627036 377
824039126 930627176 376
824039126 930627196 377
824039126 930627486 378
824039126 930627496 377
824039126 930627616 377
824039126 930627746 376
824039126 930627836 376
824039126 936423854 379
824039126 949601179 376
824039126 968561617 376
824039126 979517098 378
824039260 824039471 1
824039260 824039484 1
824039260 824039761 2
824039260 824039851 184
824039260 824039875 26
824039260 824040039 2
824039260 824040125 36
824039260 824040515 0
824039260 824040951 7
824039260 930626766 387
824039260 930626866 389
824039260 930626886 378
824039260 930626996 377
824039260 930627026 377
824039260 930627036 378
824039260 930627176 377
824039260 930627196 378
824039260 930627486 379
824039260 930627496 378
824039260 930627616 378
824039260 930627746 377
824039260 930627836 377
824039260 936423854 378
824039260 949601179 377
824039260 968561617 377
824039260 979517098 377
824039471 824039484 0
824039471 824039761 1
824039471 824039851 183
824039471 824039875 25
824039471 824040039 1
824039471 824040125 35
824039471 824040515 1
824039471 824040951 6
824039471 930626766 386
824039471 930626866 388
824039471 930626886 377
824039471 930626996 376
824039471 930627026 376
824039471 930627036 377
824039471 930627176 376
824039471 930627196 377
824039471 930627486 378
824039471 930627496 377
824039471 930627616 377
824039471 930627746 376
824039471 930627836 376
824039471 936423854 379
824039471 949601179 376
824039471 968561617 376
824039471 979517098 378
824039484 824039761 1
824039484 824039851 183
824039484 824039875 25
824039484 824040039 1
824039484 824040125 35
824039484 824040515 1
824039484 824040951 6
824039484 930626766 386
824039484 930626866 388
824039484 930626886 377
824039484 930626996 376
824039484 930627026 376
824039484 930627036 377
824039484 930627176 376
824039484 930627196 377
824039484 930627486 378
824039484 930627496 377
824039484 930627616 377
824039484 930627746 376
824039484 930627836 376
824039484 936423854 379
824039484 949601179 376
824039484 968561617 376
824039484 979517098 378
824039761 824039851 184
824039761 824039875 26
824039761 824040039 0
824039761 824040125 34
824039761 824040515 2
824039761 824040951 7
824039761 930626766 386
824039761 930626866 388
824039761 930626886 377
824039761 930626996 376
824039761 930627026 376
824039761 930627036 377
824039761 930627176 376
824039761 930627196 377
824039761 930627486 378
824039761 930627496 377
824039761 930627616 377
824039761 930627746 376
824039761 930627836 376
824039761 936423854 379
824039761 949601179 376
824039761 968561617 376
824039761 979517098 378
824039851 824039875 158
824039851 824040039 184
824039851 824040125 172
824039851 824040515 184
824039851 824040951 189
824039851 930626766 549
824039851 930626866 571
824039851 930626886 560
824039851 930626996 559
824039851 930627026 559
824039851 930627036 560
824039851 930627176 559
824039851 930627196 560
824039851 930627486 560
824039851 930627496 560
824039851 930627616 559
824039851 930627746 559
824039851 930627836 559
824039851 936423854 561
824039851 949601179 559
824039851 968561617 559
824039851 979517098 560
824039875 824040039 26
824039875 824040125 44
824039875 824040515 26
824039875 824040951 31
824039875 930626766 407
824039875 930626866 413
824039875 930626886 402
824039875 930626996 401
824039875 930627026 401
824039875 930627036 402
824039875 930627176 401
824039875 930627196 402
824039875 930627486 403
824039875 930627496 402
824039875 930627616 402
824039875 930627746 401
824039875 930627836 401
824039875 936423854 404
824039875 949601179 401
824039875 968561617 401
824039875 979517098 402
824040039 824040125 34
824040039 824040515 2
824040039 824040951 7
824040039 930626766 386
824040039 930626866 388
824040039 930626886 377
824040039 930626996 376
824040039 930627026 376
824040039 930627036 377
824040039 930627176 376
824040039 930627196 377
824040039 930627486 378
824040039 930627496 377
824040039 930627616 377
824040039 930627746 376
824040039 930627836 376
824040039 936423854 379
824040039 949601179 376
824040039 968561617 376
824040039 979517098 378
824040125 824040515 36
824040125 824040951 41
824040125 930626766 420
824040125 930626866 421
824040125 930626886 411
824040125 930626996 410
824040125 930627026 410
824040125 930627036 411
824040125 930627176 410
824040125 930627196 411
824040125 930627486 412
824040125 930627496 411
824040125 930627616 411
824040125 930627746 410
824040125 930627836 410
824040125 936423854 413
824040125 949601179 410
824040125 968561617 410
824040125 979517098 412
824040515 824040951 7
824040515 930626766 387
824040515 930626866 389
824040515 930626886 378
824040515 930626996 377
824040515 930627026 377
824040515 930627036 378
824040515 930627176 377
824040515 930627196 378
824040515 930627486 379
824040515 930627496 378
824040515 930627616 378
824040515 930627746 377
824040515 930627836 377
824040515 936423854 378
824040515 949601179 377
824040515 968561617 377
824040515 979517098 377
824040951 930626766 392
824040951 930626866 394
824040951 930626886 383
824040951 930626996 382
824040951 930627026 382
824040951 930627036 383
824040951 930627176 382
824040951 930627196 383
824040951 930627486 384
824040951 930627496 383
824040951 930627616 383
824040951 930627746 382
824040951 930627836 382
824040951 936423854 385
824040951 949601179 382
824040951 968561617 382
824040951 979517098 384
930626766 930626866 22
930626766 930626886 12
930626766 930626996 11
930626766 930627026 11
930626766 930627036 12
930626766 930627176 10
930626766 930627196 12
930626766 930627486 13
930626766 930627496 11
930626766 930627616 11
930626766 930627746 10
930626766 930627836 11
930626766 936423854 14
930626766 949601179 11
930626766 968561617 24
930626766 979517098 13
930626866 930626886 14
930626866 930626996 13
930626866 930627026 13
930626866 930627036 14
930626866 930627176 12
930626866 930627196 14
930626866 930627486 15
930626866 930627496 13
930626866 930627616 14
930626866 930627746 12
930626866 930627836 13
930626866 936423854 16
930626866 949601179 13
930626866 968561617 26
930626866 979517098 15
930626886 930626996 1
930626886 930627026 3
930626886 930627036 2
930626886 930627176 2
930626886 930627196 2
930626886 930627486 3
930626886 930627496 3
930626886 930627616 2
930626886 930627746 2
930626886 930627836 1
930626886 936423854 4
930626886 949601179 1
930626886 968561617 14
930626886 979517098 3
930626996 930627026 2
930626996 930627036 1
930626996 930627176 1
930626996 930627196 1
930626996 930627486 2
930626996 930627496 2
930626996 930627616 1
930626996 930627746 1
930626996 930627836 0
930626996 936423854 3
930626996 949601179 0
930626996 968561617 13
930626996 979517098 2
930627026 930627036 3
930627026 930627176 1
930627026 930627196 3
930627026 930627486 4
930627026 930627496 2
930627026 930627616 3
930627026 930627746 1
930627026 930627836 2
930627026 936423854 5
930627026 949601179 2
930627026 968561617 15
930627026 979517098 4
930627036 930627176 2
930627036 930627196 2
930627036 930627486 3
930627036 930627496 3
930627036 930627616 2
930627036 930627746 2
930627036 930627836 1
930627036 936423854 4
930627036 949601179 1
930627036 968561617 14
930627036 979517098 3
930627176 930627196 2
930627176 930627486 3
930627176 930627496 1
930627176 930627616 2
930627176 930627746 0
930627176 930627836 1
930627176 936423854 4
930627176 949601179 1
930627176 968561617 14
930627176 979517098 3
930627196 930627486 3
930627196 930627496 3
930627196 930627616 2
930627196 930627746 2
930627196 930627836 1
930627196 936423854 4
930627196 949601179 1
930627196 968561617 14
930627196 979517098 3
930627486 930627496 4
930627486 930627616 3
930627486 930627746 3
930627486 930627836 2
930627486 936423854 5
930627486 949601179 2
930627486 968561617 15
930627486 979517098 4
930627496 930627616 3
930627496 930627746 1
930627496 930627836 2
930627496 936423854 5
930627496 949601179 2
930627496 968561617 15
930627496 979517098 4
930627616 930627746 2
930627616 930627836 1
930627616 936423854 4
930627616 949601179 1
930627616 968561617 14
930627616 979517098 3
930627746 930627836 1
930627746 936423854 4
930627746 949601179 1
930627746 968561617 14
930627746 979517098 3
930627836 936423854 3
930627836 949601179 0
930627836 968561617 13
930627836 979517098 2
936423854 949601179 3
936423854 968561617 16
936423854 979517098 3
949601179 968561617 13
949601179 979517098 2
968561617 979517098 15