# Columns are as follows: sample_1 sample_2 distance
1013071302 1013071422 0
1013071302 1018445771 277
1013071302 1018445871 242
1013071302 436409269 56
1013071302 436409329 55
1013071302 436409349 66
1013071302 436409369 66
1013071302 436409419 56
1013071302 436409429 62
1013071302 436409439 56
1013071302 667852635 1
1013071302 674810554 0
1013071302 685509613 889
1013071302 760241947 2
1013071302 760241994 1
1013071302 760242017 1
1013071302 760242040 1
1013071302 760242166 1
1013071302 760242333 2
1013071302 760242399 1
1013071302 760242444 1
1013071302 760242670 1
1013071302 760242890 2
1013071302 760242914 3
1013071302 760242938 1
1013071302 760243319 3
1013071302 760243417 1
1013071302 760243527 1
1013071302 760243587 1
1013071302 807051501 1
1013071302 807051581 22
1013071302 807051831 11
1013071302 807051851 1
1013071302 807052171 1
1013071302 807052191 1
1013071302 807052210 1
1013071302 807052380 2
1013071302 807052420 1
1013071302 807052770 1
1013071302 807052820 1
1013071302 820743455 1
1013071302 820743465 0
1013071302 820743515 16
1013071302 820905197 2
1013071302 820905217 1
1013071302 820905567 1
1013071302 820905747 187
1013071302 820905767 1
1013071302 820905977 1
1013071302 824038961 878
1013071302 824038987 878
1013071302 824039126 878
1013071302 824039260 878
1013071302 824039471 878
1013071302 824039484 878
1013071302 824039761 878
1013071302 824039851 893
1013071302 824039875 878
1013071302 824040039 878
1013071302 824040125 878
1013071302 824040515 878
1013071302 824040951 878
1013071302 930626766 0
1013071302 930626866 7
1013071302 930626886 216
1013071302 930626996 12
1013071302 930627026 0
1013071302 930627036 0
1013071302 930627176 0
1013071302 930627196 0
1013071302 930627486 1
1013071302 930627496 14
1013071302 930627616 39
1013071302 930627746 1
1013071302 930627836 1
1013071302 936423854 0
1013071302 949601179 1
1013071302 968561617 23
1013071302 979517098 1
1013071422 1018445771 277
1013071422 1018445871 242
1013071422 436409269 56
1013071422 436409329 55
1013071422 436409349 66
1013071422 436409369 66
1013071422 436409419 56
1013071422 436409429 62
1013071422 436409439 56
1013071422 667852635 1
1013071422 674810554 0
1013071422 685509613 889
1013071422 760241947 2
1013071422 760241994 1
1013071422 760242017 1
1013071422 760242040 1
1013071422 760242166 1
1013071422 760242333 2
1013071422 760242399 1
1013071422 760242444 1
1013071422 760242670 1
1013071422 760242890 2
1013071422 760242914 3
1013071422 760242938 1
1013071422 760243319 3
1013071422 760243417 1
1013071422 760243527 1
1013071422 760243587 1
1013071422 807051501 1
1013071422 807051581 22
1013071422 807051831 11
1013071422 807051851 1
1013071422 807052171 1
1013071422 807052191 1
1013071422 807052210 1
1013071422 807052380 2
1013071422 807052420 1
1013071422 807052770 1
1013071422 807052820 1
1013071422 820743455 1
1013071422 820743465 0
1013071422 820743515 16
1013071422 820905197 2
1013071422 820905217 1
1013071422 820905567 1
1013071422 820905747 187
1013071422 820905767 1
1013071422 820905977 1
1013071422 824038961 878
1013071422 824038987 878
1013071422 824039126 878
1013071422 824039260 878
1013071422 824039471 878
1013071422 824039484 878
1013071422 824039761 878
1013071422 824039851 893
1013071422 824039875 878
1013071422 824040039 878
1013071422 824040125 878
1013071422 824040515 878
1013071422 824040951 878
1013071422 930626766 0
1013071422 930626866 7
1013071422 930626886 216
1013071422 930626996 12
1013071422 930627026 0
1013071422 930627036 0
1013071422 930627176 0
1013071422 930627196 0
1013071422 930627486 1
1013071422 930627496 14
1013071422 930627616 39
1013071422 930627746 1
1013071422 930627836 1
1013071422 936423854 0
1013071422 949601179 1
1013071422 968561617 23
1013071422 979517098 1
1018445771 1018445871 289
1018445771 436409269 318
1018445771 436409329 317
1018445771 436409349 322
1018445771 436409369 322
1018445771 436409419 317
1018445771 436409429 324
1018445771 436409439 318
1018445771 667852635 277
1018445771 674810554 277
1018445771 685509613 943
1018445771 760241947 277
1018445771 760241994 277
1018445771 760242017 277
1018445771 760242040 277
1018445771 760242166 277
1018445771 760242333 278
1018445771 760242399 277
1018445771 760242444 277
1018445771 760242670 277
1018445771 760242890 278
1018445771 760242914 278
1018445771 760242938 277
1018445771 760243319 278
1018445771 760243417 277
1018445771 760243527 277
1018445771 760243587 277
1018445771 807051501 277
1018445771 807051581 264
1018445771 807051831 277
1018445771 807051851 277
1018445771 807052171 277
1018445771 807052191 277
1018445771 807052210 277
1018445771 807052380 278
1018445771 807052420 277
1018445771 807052770 277
1018445771 807052820 277
1018445771 820743455 277
1018445771 820743465 277
1018445771 820743515 292
1018445771 820905197 277
1018445771 820905217 277
1018445771 820905567 278
1018445771 820905747 233
1018445771 820905767 277
1018445771 820905977 277
1018445771 824038961 932
1018445771 824038987 932
1018445771 824039126 932
1018445771 824039260 932
1018445771 824039471 932
1018445771 824039484 932
1018445771 824039761 932
1018445771 824039851 937
1018445771 824039875 932
1018445771 824040039 932
1018445771 824040125 932
1018445771 824040515 932
1018445771 824040951 932
1018445771 930626766 277
1018445771 930626866 284
1018445771 930626886 450
1018445771 930626996 285
1018445771 930627026 277
1018445771 930627036 277
1018445771 930627176 277
1018445771 930627196 277
1018445771 930627486 278
1018445771 930627496 291
1018445771 930627616 308
1018445771 930627746 278
1018445771 930627836 278
1018445771 936423854 277
1018445771 949601179 277
1018445771 968561617 280
1018445771 979517098 278
1018445871 436409269 288
1018445871 436409329 287
1018445871 436409349 290
1018445871 436409369 290
1018445871 436409419 284
1018445871 436409429 293
1018445871 436409439 286
1018445871 667852635 243
1018445871 674810554 242
1018445871 685509613 890
1018445871 760241947 243
1018445871 760241994 243
1018445871 760242017 243
1018445871 760242040 243
1018445871 760242166 243
1018445871 760242333 244
1018445871 760242399 243
1018445871 760242444 243
1018445871 760242670 243
1018445871 760242890 244
1018445871 760242914 245
1018445871 760242938 243
1018445871 760243319 244
1018445871 760243417 243
1018445871 760243527 243
1018445871 760243587 243
1018445871 807051501 243
1018445871 807051581 223
1018445871 807051831 253
1018445871 807051851 243
1018445871 807052171 243
1018445871 807052191 243
1018445871 807052210 243
1018445871 807052380 244
1018445871 807052420 243
1018445871 807052770 243
1018445871 807052820 243
1018445871 820743455 243
1018445871 820743465 242
1018445871 820743515 258
1018445871 820905197 244
1018445871 820905217 243
1018445871 820905567 242
1018445871 820905747 123
1018445871 820905767 243
1018445871 820905977 243
1018445871 824038961 878
1018445871 824038987 878
1018445871 824039126 878
1018445871 824039260 878
1018445871 824039471 878
1018445871 824039484 878
1018445871 824039761 878
1018445871 824039851 893
1018445871 824039875 878
1018445871 824040039 878
1018445871 824040125 878
1018445871 824040515 878
1018445871 824040951 878
1018445871 930626766 242
1018445871 930626866 243
1018445871 930626886 337
1018445871 930626996 232
1018445871 930627026 242
1018445871 930627036 242
1018445871 930627176 242
1018445871 930627196 242
1018445871 930627486 243
1018445871 930627496 256
1018445871 930627616 273
1018445871 930627746 243
1018445871 930627836 243
1018445871 936423854 242
1018445871 949601179 243
1018445871 968561617 219
1018445871 979517098 243
436409269 436409329 1
436409269 436409349 50
436409269 436409369 50
436409269 436409419 38
436409269 436409429 46
436409269 436409439 38
436409269 667852635 57
436409269 674810554 56
436409269 685509613 884
436409269 760241947 58
436409269 760241994 57
436409269 760242017 57
436409269 760242040 57
436409269 760242166 57
436409269 760242333 58
436409269 760242399 57
436409269 760242444 57
436409269 760242670 57
436409269 760242890 58
436409269 760242914 57
436409269 760242938 57
436409269 760243319 59
436409269 760243417 57
436409269 760243527 57
436409269 760243587 57
436409269 807051501 57
436409269 807051581 77
436409269 807051831 67
436409269 807051851 57
436409269 807052171 57
436409269 807052191 57
436409269 807052210 57
436409269 807052380 58
436409269 807052420 57
436409269 807052770 57
436409269 807052820 57
436409269 820743455 57
436409269 820743465 56
436409269 820743515 72
436409269 820905197 58
436409269 820905217 57
436409269 820905567 57
436409269 820905747 233
436409269 820905767 57
436409269 820905977 57
436409269 824038961 889
436409269 824038987 889
436409269 824039126 889
436409269 824039260 889
436409269 824039471 889
436409269 824039484 889
436409269 824039761 889
436409269 824039851 904
436409269 824039875 889
436409269 824040039 889
436409269 824040125 889
436409269 824040515 889
436409269 824040951 889
436409269 930626766 56
436409269 930626866 63
436409269 930626886 268
436409269 930626996 68
436409269 930627026 56
436409269 930627036 56
436409269 930627176 56
436409269 930627196 56
436409269 930627486 57
436409269 930627496 70
436409269 930627616 95
436409269 930627746 57
436409269 930627836 57
436409269 936423854 56
436409269 949601179 57
436409269 968561617 78
436409269 979517098 57
436409329 436409349 49
436409329 436409369 49
436409329 436409419 37
436409329 436409429 45
436409329 436409439 37
436409329 667852635 56
436409329 674810554 55
436409329 685509613 884
436409329 760241947 57
436409329 760241994 56
436409329 760242017 56
436409329 760242040 56
436409329 760242166 56
436409329 760242333 57
436409329 760242399 56
436409329 760242444 56
436409329 760242670 56
436409329 760242890 57
436409329 760242914 56
436409329 760242938 56
436409329 760243319 58
436409329 760243417 56
436409329 760243527 56
436409329 760243587 56
436409329 807051501 56
436409329 807051581 76
436409329 807051831 66
436409329 807051851 56
436409329 807052171 56
436409329 807052191 56
436409329 807052210 56
436409329 807052380 57
436409329 807052420 56
436409329 807052770 56
436409329 807052820 56
436409329 820743455 56
436409329 820743465 55
436409329 820743515 71
436409329 820905197 57
436409329 820905217 56
436409329 820905567 56
436409329 820905747 232
436409329 820905767 56
436409329 820905977 56
436409329 824038961 889
436409329 824038987 889
436409329 824039126 889
436409329 824039260 889
436409329 824039471 889
436409329 824039484 889
436409329 824039761 889
436409329 824039851 904
436409329 824039875 889
436409329 824040039 889
436409329 824040125 889
436409329 824040515 889
436409329 824040951 889
436409329 930626766 55
436409329 930626866 62
436409329 930626886 267
436409329 930626996 67
436409329 930627026 55
436409329 930627036 55
436409329 930627176 55
436409329 930627196 55
436409329 930627486 56
436409329 930627496 69
436409329 930627616 94
436409329 930627746 56
436409329 930627836 56
436409329 936423854 55
436409329 949601179 56
436409329 968561617 77
436409329 979517098 56
436409349 436409369 2
436409349 436409419 17
436409349 436409429 54
436409349 436409439 26
436409349 667852635 67
436409349 674810554 66
436409349 685509613 879
436409349 760241947 68
436409349 760241994 67
436409349 760242017 67
436409349 760242040 67
436409349 760242166 67
436409349 760242333 68
436409349 760242399 67
436409349 760242444 67
436409349 760242670 67
436409349 760242890 68
436409349 760242914 69
436409349 760242938 67
436409349 760243319 69
436409349 760243417 67
436409349 760243527 67
436409349 760243587 67
436409349 807051501 67
436409349 807051581 87
436409349 807051831 77
436409349 807051851 67
436409349 807052171 67
436409349 807052191 67
436409349 807052210 67
436409349 807052380 68
436409349 807052420 67
436409349 807052770 67
436409349 807052820 67
436409349 820743455 67
436409349 820743465 66
436409349 820743515 82
436409349 820905197 68
436409349 820905217 67
436409349 820905567 67
436409349 820905747 235
436409349 820905767 67
436409349 820905977 67
436409349 824038961 888
436409349 824038987 888
436409349 824039126 888
436409349 824039260 888
436409349 824039471 888
436409349 824039484 888
436409349 824039761 888
436409349 824039851 903
436409349 824039875 888
436409349 824040039 888
436409349 824040125 888
436409349 824040515 888
436409349 824040951 888
436409349 930626766 66
436409349 930626866 73
436409349 930626886 278
436409349 930626996 78
436409349 930627026 66
436409349 930627036 66
436409349 930627176 66
436409349 930627196 66
436409349 930627486 65
436409349 930627496 80
436409349 930627616 105
436409349 930627746 67
436409349 930627836 67
436409349 936423854 66
436409349 949601179 67
436409349 968561617 87
436409349 979517098 67
436409369 436409419 17
436409369 436409429 52
436409369 436409439 26
436409369 667852635 67
436409369 674810554 66
436409369 685509613 880
436409369 760241947 68
436409369 760241994 67
436409369 760242017 67
436409369 760242040 67
436409369 760242166 67
436409369 760242333 68
436409369 760242399 67
436409369 760242444 67
436409369 760242670 67
436409369 760242890 68
436409369 760242914 69
436409369 760242938 67
436409369 760243319 69
436409369 760243417 67
436409369 760243527 67
436409369 760243587 67
436409369 807051501 67
436409369 807051581 87
436409369 807051831 77
436409369 807051851 67
436409369 807052171 67
436409369 807052191 67
436409369 807052210 67
436409369 807052380 68
436409369 807052420 67
436409369 807052770 67
436409369 807052820 67
436409369 820743455 67
436409369 820743465 66
436409369 820743515 82
436409369 820905197 68
436409369 820905217 67
436409369 820905567 67
436409369 820905747 235
436409369 820905767 67
436409369 820905977 67
436409369 824038961 889
436409369 824038987 889
436409369 824039126 889
436409369 824039260 889
436409369 824039471 889
436409369 824039484 889
436409369 824039761 889
436409369 824039851 904
436409369 824039875 889
436409369 824040039 889
436409369 824040125 889
436409369 824040515 889
436409369 824040951 889
436409369 930626766 66
436409369 930626866 73
436409369 930626886 279
436409369 930626996 78
436409369 930627026 66
436409369 930627036 66
436409369 930627176 66
436409369 930627196 66
436409369 930627486 67
436409369 930627496 80
436409369 930627616 105
436409369 930627746 67
436409369 930627836 67
436409369 936423854 66
436409369 949601179 67
436409369 968561617 87
436409369 979517098 67
436409419 436409429 44
436409419 436409439 19
436409419 667852635 57
436409419 674810554 56
436409419 685509613 880
436409419 760241947 58
436409419 760241994 57
436409419 760242017 57
436409419 760242040 57
436409419 760242166 57
436409419 760242333 58
436409419 760242399 57
436409419 760242444 57
436409419 760242670 57
436409419 760242890 58
436409419 760242914 59
436409419 760242938 57
436409419 760243319 59
436409419 760243417 57
436409419 760243527 57
436409419 760243587 57
436409419 807051501 57
436409419 807051581 77
436409419 807051831 67
436409419 807051851 57
436409419 807052171 57
436409419 807052191 57
436409419 807052210 57
436409419 807052380 58
436409419 807052420 57
436409419 807052770 57
436409419 807052820 57
436409419 820743455 57
436409419 820743465 56
436409419 820743515 72
436409419 820905197 58
436409419 820905217 57
436409419 820905567 57
436409419 820905747 228
436409419 820905767 57
436409419 820905977 57
436409419 824038961 889
436409419 824038987 889
436409419 824039126 889
436409419 824039260 889
436409419 824039471 889
436409419 824039484 889
436409419 824039761 889
436409419 824039851 904
436409419 824039875 889
436409419 824040039 889
436409419 824040125 889
436409419 824040515 889
436409419 824040951 889
436409419 930626766 56
436409419 930626866 63
436409419 930626886 269
436409419 930626996 68
436409419 930627026 56
436409419 930627036 56
436409419 930627176 56
436409419 930627196 56
436409419 930627486 57
436409419 930627496 70
436409419 930627616 95
436409419 930627746 57
436409419 930627836 57
436409419 936423854 56
436409419 949601179 57
436409419 968561617 77
436409419 979517098 57
436409429 436409439 44
436409429 667852635 63
436409429 674810554 62
436409429 685509613 888
436409429 760241947 64
436409429 760241994 63
436409429 760242017 63
436409429 760242040 63
436409429 760242166 63
436409429 760242333 64
436409429 760242399 63
436409429 760242444 63
436409429 760242670 63
436409429 760242890 64
436409429 760242914 65
436409429 760242938 63
436409429 760243319 65
436409429 760243417 63
436409429 760243527 63
436409429 760243587 63
436409429 807051501 63
436409429 807051581 84
436409429 807051831 73
436409429 807051851 63
436409429 807052171 63
436409429 807052191 63
436409429 807052210 63
436409429 807052380 64
436409429 807052420 63
436409429 807052770 63
436409429 807052820 63
436409429 820743455 63
436409429 820743465 62
436409429 820743515 78
436409429 820905197 64
436409429 820905217 63
436409429 820905567 63
436409429 820905747 237
436409429 820905767 63
436409429 820905977 63
436409429 824038961 893
436409429 824038987 893
436409429 824039126 893
436409429 824039260 893
436409429 824039471 893
436409429 824039484 893
436409429 824039761 893
436409429 824039851 908
436409429 824039875 893
436409429 824040039 893
436409429 824040125 893
436409429 824040515 893
436409429 824040951 893
436409429 930626766 62
436409429 930626866 69
436409429 930626886 272
436409429 930626996 74
436409429 930627026 62
436409429 930627036 62
436409429 930627176 62
436409429 930627196 62
436409429 930627486 63
436409429 930627496 76
436409429 930627616 101
436409429 930627746 63
436409429 930627836 63
436409429 936423854 62
436409429 949601179 63
436409429 968561617 84
436409429 979517098 63
436409439 667852635 57
436409439 674810554 56
436409439 685509613 880
436409439 760241947 58
436409439 760241994 57
436409439 760242017 57
436409439 760242040 57
436409439 760242166 57
436409439 760242333 58
436409439 760242399 57
436409439 760242444 57
436409439 760242670 57
436409439 760242890 58
436409439 760242914 59
436409439 760242938 57
436409439 760243319 59
436409439 760243417 57
436409439 760243527 57
436409439 760243587 57
436409439 807051501 57
436409439 807051581 78
436409439 807051831 67
436409439 807051851 57
436409439 807052171 57
436409439 807052191 57
436409439 807052210 57
436409439 807052380 58
436409439 807052420 57
436409439 807052770 57
436409439 807052820 57
436409439 820743455 57
436409439 820743465 56
436409439 820743515 72
436409439 820905197 58
436409439 820905217 57
436409439 820905567 57
436409439 820905747 230
436409439 820905767 57
436409439 820905977 57
436409439 824038961 887
436409439 824038987 887
436409439 824039126 887
436409439 824039260 887
436409439 824039471 887
436409439 824039484 887
436409439 824039761 887
436409439 824039851 902
436409439 824039875 887
436409439 824040039 887
436409439 824040125 887
436409439 824040515 887
436409439 824040951 887
436409439 930626766 56
436409439 930626866 63
436409439 930626886 268
436409439 930626996 68
436409439 930627026 56
436409439 930627036 56
436409439 930627176 56
436409439 930627196 56
436409439 930627486 57
436409439 930627496 70
436409439 930627616 94
436409439 930627746 57
436409439 930627836 57
436409439 936423854 56
436409439 949601179 57
436409439 968561617 77
436409439 979517098 57
667852635 674810554 1
667852635 685509613 889
667852635 760241947 1
667852635 760241994 0
667852635 760242017 0
667852635 760242040 0
667852635 760242166 0
667852635 760242333 1
667852635 760242399 0
667852635 760242444 0
667852635 760242670 0
667852635 760242890 1
667852635 760242914 2
667852635 760242938 0
667852635 760243319 2
667852635 760243417 0
667852635 760243527 0
667852635 760243587 0
667852635 807051501 0
667852635 807051581 21
667852635 807051831 10
667852635 807051851 0
667852635 807052171 0
667852635 807052191 0
667852635 807052210 0
667852635 807052380 1
667852635 807052420 0
667852635 807052770 0
667852635 807052820 0
667852635 820743455 0
667852635 820743465 1
667852635 820743515 15
667852635 820905197 1
667852635 820905217 0
667852635 820905567 2
667852635 820905747 186
667852635 820905767 0
667852635 820905977 0
667852635 824038961 878
667852635 824038987 878
667852635 824039126 878
667852635 824039260 878
667852635 824039471 878
667852635 824039484 878
667852635 824039761 878
667852635 824039851 893
667852635 824039875 878
667852635 824040039 878
667852635 824040125 878
667852635 824040515 878
667852635 824040951 878
667852635 930626766 1
667852635 930626866 8
667852635 930626886 217
667852635 930626996 13
667852635 930627026 1
667852635 930627036 1
667852635 930627176 1
667852635 930627196 1
667852635 930627486 2
667852635 930627496 15
667852635 930627616 40
667852635 930627746 2
667852635 930627836 2
667852635 936423854 1
667852635 949601179 0
667852635 968561617 24
667852635 979517098 2
674810554 685509613 889
674810554 760241947 2
674810554 760241994 1
674810554 760242017 1
674810554 760242040 1
674810554 760242166 1
674810554 760242333 2
674810554 760242399 1
674810554 760242444 1
674810554 760242670 1
674810554 760242890 2
674810554 760242914 3
674810554 760242938 1
674810554 760243319 3
674810554 760243417 1
674810554 760243527 1
674810554 760243587 1
674810554 807051501 1
674810554 807051581 22
674810554 807051831 11
674810554 807051851 1
674810554 807052171 1
674810554 807052191 1
674810554 807052210 1
674810554 807052380 2
674810554 807052420 1
674810554 807052770 1
674810554 807052820 1
674810554 820743455 1
674810554 820743465 0
674810554 820743515 16
674810554 820905197 2
674810554 820905217 1
674810554 820905567 1
674810554 820905747 187
674810554 820905767 1
674810554 820905977 1
674810554 824038961 878
674810554 824038987 878
674810554 824039126 878
674810554 824039260 878
674810554 824039471 878
674810554 824039484 878
674810554 824039761 878
674810554 824039851 893
674810554 824039875 878
674810554 824040039 878
674810554 824040125 878
674810554 824040515 878
674810554 824040951 878
674810554 930626766 0
674810554 930626866 7
674810554 930626886 216
674810554 930626996 12
674810554 930627026 0
674810554 930627036 0
674810554 930627176 0
674810554 930627196 0
674810554 930627486 1
674810554 930627496 14
674810554 930627616 39
674810554 930627746 1
674810554 930627836 1
674810554 936423854 0
674810554 949601179 1
674810554 968561617 23
674810554 979517098 1
685509613 760241947 889
685509613 760241994 889
685509613 760242017 889
685509613 760242040 889
685509613 760242166 889
685509613 760242333 889
685509613 760242399 889
685509613 760242444 889
685509613 760242670 889
685509613 760242890 889
685509613 760242914 889
685509613 760242938 889
685509613 760243319 889
685509613 760243417 889
685509613 760243527 889
685509613 760243587 889
685509613 807051501 889
685509613 807051581 889
685509613 807051831 889
685509613 807051851 889
685509613 807052171 889
685509613 807052191 889
685509613 807052210 889
685509613 807052380 890
685509613 807052420 889
685509613 807052770 889
685509613 807052820 889
685509613 820743455 889
685509613 820743465 889
685509613 820743515 904
685509613 820905197 889
685509613 820905217 889
685509613 820905567 889
685509613 820905747 889
685509613 820905767 889
685509613 820905977 889
685509613 824038961 19
685509613 824038987 19
685509613 824039126 19
685509613 824039260 19
685509613 824039471 19
685509613 824039484 19
685509613 824039761 19
685509613 824039851 34
685509613 824039875 19
685509613 824040039 19
685509613 824040125 19
685509613 824040515 19
685509613 824040951 20
685509613 930626766 889
685509613 930626866 889
685509613 930626886 906
685509613 930626996 890
685509613 930627026 889
685509613 930627036 889
685509613 930627176 889
685509613 930627196 889
685509613 930627486 889
685509613 930627496 889
685509613 930627616 891
685509613 930627746 889
685509613 930627836 889
685509613 936423854 889
685509613 949601179 889
685509613 968561617 889
685509613 979517098 889
760241947 760241994 1
760241947 760242017 1
760241947 760242040 1
760241947 760242166 1
760241947 760242333 2
760241947 760242399 1
760241947 760242444 1
760241947 760242670 1
760241947 760242890 2
760241947 760242914 3
760241947 760242938 1
760241947 760243319 3
760241947 760243417 1
760241947 760243527 1
760241947 760243587 1
760241947 807051501 1
760241947 807051581 22
760241947 807051831 11
760241947 807051851 1
760241947 807052171 1
760241947 807052191 1
760241947 807052210 1
760241947 807052380 2
760241947 807052420 1
760241947 807052770 1
760241947 807052820 1
760241947 820743455 1
760241947 820743465 2
760241947 820743515 16
760241947 820905197 2
760241947 820905217 1
760241947 820905567 3
760241947 820905747 186
760241947 820905767 1
760241947 820905977 1
760241947 824038961 878
760241947 824038987 878
760241947 824039126 878
760241947 824039260 878
760241947 824039471 878
760241947 824039484 878
760241947 824039761 878
760241947 824039851 893
760241947 824039875 878
760241947 824040039 878
760241947 824040125 878
760241947 824040515 878
760241947 824040951 878
760241947 930626766 2
760241947 930626866 9
760241947 930626886 218
760241947 930626996 14
760241947 930627026 2
760241947 930627036 2
760241947 930627176 2
760241947 930627196 2
760241947 930627486 3
760241947 930627496 16
760241947 930627616 41
760241947 930627746 3
760241947 930627836 3
760241947 936423854 2
760241947 949601179 1
760241947 968561617 25
760241947 979517098 3
760241994 760242017 0
760241994 760242040 0
760241994 760242166 0
760241994 760242333 1
760241994 760242399 0
760241994 760242444 0
760241994 760242670 0
760241994 760242890 1
760241994 760242914 2
760241994 760242938 0
760241994 760243319 2
760241994 760243417 0
760241994 760243527 0
760241994 760243587 0
760241994 807051501 0
760241994 807051581 21
760241994 807051831 10
760241994 807051851 0
760241994 807052171 0
760241994 807052191 0
760241994 807052210 0
760241994 807052380 1
760241994 807052420 0
760241994 807052770 0
760241994 807052820 0
760241994 820743455 0
760241994 820743465 1
760241994 820743515 15
760241994 820905197 1
760241994 820905217 0
760241994 820905567 2
760241994 820905747 186
760241994 820905767 0
760241994 820905977 0
760241994 824038961 878
760241994 824038987 878
760241994 824039126 878
760241994 824039260 878
760241994 824039471 878
760241994 824039484 878
760241994 824039761 878
760241994 824039851 893
760241994 824039875 878
760241994 824040039 878
760241994 824040125 878
760241994 824040515 878
760241994 824040951 878
760241994 930626766 1
760241994 930626866 8
760241994 930626886 217
760241994 930626996 13
760241994 930627026 1
760241994 930627036 1
760241994 930627176 1
760241994 930627196 1
760241994 930627486 2
760241994 930627496 15
760241994 930627616 40
760241994 930627746 2
760241994 930627836 2
760241994 936423854 1
760241994 949601179 0
760241994 968561617 24
760241994 979517098 2
760242017 760242040 0
760242017 760242166 0
760242017 760242333 1
760242017 760242399 0
760242017 760242444 0
760242017 760242670 0
760242017 760242890 1
760242017 760242914 2
760242017 760242938 0
760242017 760243319 2
760242017 760243417 0
760242017 760243527 0
760242017 760243587 0
760242017 807051501 0
760242017 807051581 21
760242017 807051831 10
760242017 807051851 0
760242017 807052171 0
760242017 807052191 0
760242017 807052210 0
760242017 807052380 1
760242017 807052420 0
760242017 807052770 0
760242017 807052820 0
760242017 820743455 0
760242017 820743465 1
760242017 820743515 15
760242017 820905197 1
760242017 820905217 0
760242017 820905567 2
760242017 820905747 186
760242017 820905767 0
760242017 820905977 0
760242017 824038961 878
760242017 824038987 878
760242017 824039126 878
760242017 824039260 878
760242017 824039471 878
760242017 824039484 878
760242017 824039761 878
760242017 824039851 893
760242017 824039875 878
760242017 824040039 878
760242017 824040125 878
760242017 824040515 878
760242017 824040951 878
760242017 930626766 1
760242017 930626866 8
760242017 930626886 217
760242017 930626996 13
760242017 930627026 1
760242017 930627036 1
760242017 930627176 1
760242017 930627196 1
760242017 930627486 2
760242017 930627496 15
760242017 930627616 40
760242017 930627746 2
760242017 930627836 2
760242017 936423854 1
760242017 949601179 0
760242017 968561617 24
760242017 979517098 2
760242040 760242166 0
760242040 760242333 1
760242040 760242399 0
760242040 760242444 0
760242040 760242670 0
760242040 760242890 1
760242040 760242914 2
760242040 760242938 0
760242040 760243319 2
760242040 760243417 0
760242040 760243527 0
760242040 760243587 0
760242040 807051501 0
760242040 807051581 21
760242040 807051831 10
760242040 807051851 0
760242040 807052171 0
760242040 807052191 0
760242040 807052210 0
760242040 807052380 1
760242040 807052420 0
760242040 807052770 0
760242040 807052820 0
760242040 820743455 0
760242040 820743465 1
760242040 820743515 15
760242040 820905197 1
760242040 820905217 0
760242040 820905567 2
760242040 820905747 186
760242040 820905767 0
760242040 820905977 0
760242040 824038961 878
760242040 824038987 878
760242040 824039126 878
760242040 824039260 878
760242040 824039471 878
760242040 824039484 878
760242040 824039761 878
760242040 824039851 893
760242040 824039875 878
760242040 824040039 878
760242040 824040125 878
760242040 824040515 878
760242040 824040951 878
760242040 930626766 1
760242040 930626866 8
760242040 930626886 217
760242040 930626996 13
760242040 930627026 1
760242040 930627036 1
760242040 930627176 1
760242040 930627196 1
760242040 930627486 2
760242040 930627496 15
760242040 930627616 40
760242040 930627746 2
760242040 930627836 2
760242040 936423854 1
760242040 949601179 0
760242040 968561617 24
760242040 979517098 2
760242166 760242333 1
760242166 760242399 0
760242166 760242444 0
760242166 760242670 0
760242166 760242890 1
760242166 760242914 2
760242166 760242938 0
760242166 760243319 2
760242166 760243417 0
760242166 760243527 0
760242166 760243587 0
760242166 807051501 0
760242166 807051581 21
760242166 807051831 10
760242166 807051851 0
760242166 807052171 0
760242166 807052191 0
760242166 807052210 0
760242166 807052380 1
760242166 807052420 0
760242166 807052770 0
760242166 807052820 0
760242166 820743455 0
760242166 820743465 1
760242166 820743515 15
760242166 820905197 1
760242166 820905217 0
760242166 820905567 2
760242166 820905747 186
760242166 820905767 0
760242166 820905977 0
760242166 824038961 878
760242166 824038987 878
760242166 824039126 878
760242166 824039260 878
760242166 824039471 878
760242166 824039484 878
760242166 824039761 878
760242166 824039851 893
760242166 824039875 878
760242166 824040039 878
760242166 824040125 878
760242166 824040515 878
760242166 824040951 878
760242166 930626766 1
760242166 930626866 8
760242166 930626886 217
760242166 930626996 13
760242166 930627026 1
760242166 930627036 1
760242166 930627176 1
760242166 930627196 1
760242166 930627486 2
760242166 930627496 15
760242166 930627616 40
760242166 930627746 2
760242166 930627836 2
760242166 936423854 1
760242166 949601179 0
760242166 968561617 24
760242166 979517098 2
760242333 760242399 1
760242333 760242444 1
760242333 760242670 1
760242333 760242890 2
760242333 760242914 3
760242333 760242938 1
760242333 760243319 3
760242333 760243417 1
760242333 760243527 1
760242333 760243587 1
760242333 807051501 1
760242333 807051581 22
760242333 807051831 11
760242333 807051851 1
760242333 807052171 1
760242333 807052191 1
760242333 807052210 1
760242333 807052380 2
760242333 807052420 1
760242333 807052770 1
760242333 807052820 1
760242333 820743455 1
760242333 820743465 2
760242333 820743515 16
760242333 820905197 2
760242333 820905217 1
760242333 820905567 3
760242333 820905747 187
760242333 820905767 1
760242333 820905977 1
760242333 824038961 878
760242333 824038987 878
760242333 824039126 878
760242333 824039260 878
760242333 824039471 878
760242333 824039484 878
760242333 824039761 878
760242333 824039851 893
760242333 824039875 878
760242333 824040039 878
760242333 824040125 878
760242333 824040515 878
760242333 824040951 878
760242333 930626766 2
760242333 930626866 9
760242333 930626886 218
760242333 930626996 14
760242333 930627026 2
760242333 930627036 2
760242333 930627176 2
760242333 930627196 2
760242333 930627486 3
760242333 930627496 16
760242333 930627616 41
760242333 930627746 3
760242333 930627836 3
760242333 936423854 2
760242333 949601179 1
760242333 968561617 25
760242333 979517098 3
760242399 760242444 0
760242399 760242670 0
760242399 760242890 1
760242399 760242914 2
760242399 760242938 0
760242399 760243319 2
760242399 760243417 0
760242399 760243527 0
760242399 760243587 0
760242399 807051501 0
760242399 807051581 21
760242399 807051831 10
760242399 807051851 0
760242399 807052171 0
760242399 807052191 0
760242399 807052210 0
760242399 807052380 1
760242399 807052420 0
760242399 807052770 0
760242399 807052820 0
760242399 820743455 0
760242399 820743465 1
760242399 820743515 15
760242399 820905197 1
760242399 820905217 0
760242399 820905567 2
760242399 820905747 186
760242399 820905767 0
760242399 820905977 0
760242399 824038961 878
760242399 824038987 878
760242399 824039126 878
760242399 824039260 878
760242399 824039471 878
760242399 824039484 878
760242399 824039761 878
760242399 824039851 893
760242399 824039875 878
760242399 824040039 878
760242399 824040125 878
760242399 824040515 878
760242399 824040951 878
760242399 930626766 1
760242399 930626866 8
760242399 930626886 217
760242399 930626996 13
760242399 930627026 1
760242399 930627036 1
760242399 930627176 1
760242399 930627196 1
760242399 930627486 2
760242399 930627496 15
760242399 930627616 40
760242399 930627746 2
760242399 930627836 2
760242399 936423854 1
760242399 949601179 0
760242399 968561617 24
760242399 979517098 2
760242444 760242670 0
760242444 760242890 1
760242444 760242914 2
760242444 760242938 0
760242444 760243319 2
760242444 760243417 0
760242444 760243527 0
760242444 760243587 0
760242444 807051501 0
760242444 807051581 21
760242444 807051831 10
760242444 807051851 0
760242444 807052171 0
760242444 807052191 0
760242444 807052210 0
760242444 807052380 1
760242444 807052420 0
760242444 807052770 0
760242444 807052820 0
760242444 820743455 0
760242444 820743465 1
760242444 820743515 15
760242444 820905197 1
760242444 820905217 0
760242444 820905567 2
760242444 820905747 186
760242444 820905767 0
760242444 820905977 0
760242444 824038961 878
760242444 824038987 878
760242444 824039126 878
760242444 824039260 878
760242444 824039471 878
760242444 824039484 878
760242444 824039761 878
760242444 824039851 893
760242444 824039875 878
760242444 824040039 878
760242444 824040125 878
760242444 824040515 878
760242444 824040951 878
760242444 930626766 1
760242444 930626866 8
760242444 930626886 217
760242444 930626996 13
760242444 930627026 1
760242444 930627036 1
760242444 930627176 1
760242444 930627196 1
760242444 930627486 2
760242444 930627496 15
760242444 930627616 40
760242444 930627746 2
760242444 930627836 2
760242444 936423854 1
760242444 949601179 0
760242444 968561617 24
760242444 979517098 2
760242670 760242890 1
760242670 760242914 2
760242670 760242938 0
760242670 760243319 2
760242670 760243417 0
760242670 760243527 0
760242670 760243587 0
760242670 807051501 0
760242670 807051581 21
760242670 807051831 10
760242670 807051851 0
760242670 807052171 0
760242670 807052191 0
760242670 807052210 0
760242670 807052380 1
760242670 807052420 0
760242670 807052770 0
760242670 807052820 0
760242670 820743455 0
760242670 820743465 1
760242670 820743515 15
760242670 820905197 1
760242670 820905217 0
760242670 820905567 2
760242670 820905747 186
760242670 820905767 0
760242670 820905977 0
760242670 824038961 878
760242670 824038987 878
760242670 824039126 878
760242670 824039260 878
760242670 824039471 878
760242670 824039484 878
760242670 824039761 878
760242670 824039851 893
760242670 824039875 878
760242670 824040039 878
760242670 824040125 878
760242670 824040515 878
760242670 824040951 878
760242670 930626766 1
760242670 930626866 8
760242670 930626886 217
760242670 930626996 13
760242670 930627026 1
760242670 930627036 1
760242670 930627176 1
760242670 930627196 1
760242670 930627486 2
760242670 930627496 15
760242670 930627616 40
760242670 930627746 2
760242670 930627836 2
760242670 936423854 1
760242670 949601179 0
760242670 968561617 24
760242670 979517098 2
760242890 760242914 3
760242890 760242938 1
760242890 760243319 3
760242890 760243417 1
760242890 760243527 1
760242890 760243587 1
760242890 807051501 1
760242890 807051581 22
760242890 807051831 11
760242890 807051851 1
760242890 807052171 1
760242890 807052191 1
760242890 807052210 1
760242890 807052380 2
760242890 807052420 1
760242890 807052770 1
760242890 807052820 1
760242890 820743455 1
760242890 820743465 2
760242890 820743515 16
760242890 820905197 2
760242890 820905217 1
760242890 820905567 3
760242890 820905747 187
760242890 820905767 1
760242890 820905977 1
760242890 824038961 878
760242890 824038987 878
760242890 824039126 878
760242890 824039260 878
760242890 824039471 878
760242890 824039484 878
760242890 824039761 878
760242890 824039851 893
760242890 824039875 878
760242890 824040039 878
760242890 824040125 878
760242890 824040515 878
760242890 824040951 878
760242890 930626766 2
760242890 930626866 9
760242890 930626886 218
760242890 930626996 14
760242890 930627026 2
760242890 930627036 2
760242890 930627176 2
760242890 930627196 2
760242890 930627486 3
760242890 930627496 16
760242890 930627616 41
760242890 930627746 3
760242890 930627836 3
760242890 936423854 2
760242890 949601179 1
760242890 968561617 25
760242890 979517098 3
760242914 760242938 2
760242914 760243319 4
760242914 760243417 2
760242914 760243527 2
760242914 760243587 2
760242914 807051501 2
760242914 807051581 23
760242914 807051831 12
760242914 807051851 2
760242914 807052171 2
760242914 807052191 2
760242914 807052210 2
760242914 807052380 3
760242914 807052420 2
760242914 807052770 2
760242914 807052820 2
760242914 820743455 2
760242914 820743465 3
760242914 820743515 17
760242914 820905197 3
760242914 820905217 2
760242914 820905567 4
760242914 820905747 188
760242914 820905767 2
760242914 820905977 2
760242914 824038961 879
760242914 824038987 879
760242914 824039126 879
760242914 824039260 879
760242914 824039471 879
760242914 824039484 879
760242914 824039761 879
760242914 824039851 894
760242914 824039875 879
760242914 824040039 879
760242914 824040125 879
760242914 824040515 879
760242914 824040951 878
760242914 930626766 3
760242914 930626866 10
760242914 930626886 219
760242914 930626996 15
760242914 930627026 3
760242914 930627036 3
760242914 930627176 3
760242914 930627196 3
760242914 930627486 4
760242914 930627496 17
760242914 930627616 42
760242914 930627746 4
760242914 930627836 4
760242914 936423854 3
760242914 949601179 2
760242914 968561617 26
760242914 979517098 4
760242938 760243319 2
760242938 760243417 0
760242938 760243527 0
760242938 760243587 0
760242938 807051501 0
760242938 807051581 21
760242938 807051831 10
760242938 807051851 0
760242938 807052171 0
760242938 807052191 0
760242938 807052210 0
760242938 807052380 1
760242938 807052420 0
760242938 807052770 0
760242938 807052820 0
760242938 820743455 0
760242938 820743465 1
760242938 820743515 15
760242938 820905197 1
760242938 820905217 0
760242938 820905567 2
760242938 820905747 186
760242938 820905767 0
760242938 820905977 0
760242938 824038961 878
760242938 824038987 878
760242938 824039126 878
760242938 824039260 878
760242938 824039471 878
760242938 824039484 878
760242938 824039761 878
760242938 824039851 893
760242938 824039875 878
760242938 824040039 878
760242938 824040125 878
760242938 824040515 878
760242938 824040951 878
760242938 930626766 1
760242938 930626866 8
760242938 930626886 217
760242938 930626996 13
760242938 930627026 1
760242938 930627036 1
760242938 930627176 1
760242938 930627196 1
760242938 930627486 2
760242938 930627496 15
760242938 930627616 40
760242938 930627746 2
760242938 930627836 2
760242938 936423854 1
760242938 949601179 0
760242938 968561617 24
760242938 979517098 2
760243319 760243417 2
760243319 760243527 2
760243319 760243587 2
760243319 807051501 2
760243319 807051581 23
760243319 807051831 12
760243319 807051851 2
760243319 807052171 2
760243319 807052191 2
760243319 807052210 2
760243319 807052380 3
760243319 807052420 2
760243319 807052770 2
760243319 807052820 2
760243319 820743455 2
760243319 820743465 3
760243319 820743515 17
760243319 820905197 3
760243319 820905217 2
760243319 820905567 4
760243319 820905747 187
760243319 820905767 2
760243319 820905977 2
760243319 824038961 878
760243319 824038987 878
760243319 824039126 878
760243319 824039260 878
760243319 824039471 878
760243319 824039484 878
760243319 824039761 878
760243319 824039851 893
760243319 824039875 878
760243319 824040039 878
760243319 824040125 878
760243319 824040515 878
760243319 824040951 878
760243319 930626766 3
760243319 930626866 10
760243319 930626886 219
760243319 930626996 15
760243319 930627026 3
760243319 930627036 3
760243319 930627176 3
760243319 930627196 3
760243319 930627486 4
760243319 930627496 17
760243319 930627616 42
760243319 930627746 4
760243319 930627836 4
760243319 936423854 3
760243319 949601179 2
760243319 968561617 26
760243319 979517098 4
760243417 760243527 0
760243417 760243587 0
760243417 807051501 0
760243417 807051581 21
760243417 807051831 10
760243417 807051851 0
760243417 807052171 0
760243417 807052191 0
760243417 807052210 0
760243417 807052380 1
760243417 807052420 0
760243417 807052770 0
760243417 807052820 0
760243417 820743455 0
760243417 820743465 1
760243417 820743515 15
760243417 820905197 1
760243417 820905217 0
760243417 820905567 2
760243417 820905747 186
760243417 820905767 0
760243417 820905977 0
760243417 824038961 878
760243417 824038987 878
760243417 824039126 878
760243417 824039260 878
760243417 824039471 878
760243417 824039484 878
760243417 824039761 878
760243417 824039851 893
760243417 824039875 878
760243417 824040039 878
760243417 824040125 878
760243417 824040515 878
760243417 824040951 878
760243417 930626766 1
760243417 930626866 8
760243417 930626886 217
760243417 930626996 13
760243417 930627026 1
760243417 930627036 1
760243417 930627176 1
760243417 930627196 1
760243417 930627486 2
760243417 930627496 15
760243417 930627616 40
760243417 930627746 2
760243417 930627836 2
760243417 936423854 1
760243417 949601179 0
760243417 968561617 24
760243417 979517098 2
760243527 760243587 0
760243527 807051501 0
760243527 807051581 21
760243527 807051831 10
760243527 807051851 0
760243527 807052171 0
760243527 807052191 0
760243527 807052210 0
760243527 807052380 1
760243527 807052420 0
760243527 807052770 0
760243527 807052820 0
760243527 820743455 0
760243527 820743465 1
760243527 820743515 15
760243527 820905197 1
760243527 820905217 0
760243527 820905567 2
760243527 820905747 186
760243527 820905767 0
760243527 820905977 0
760243527 824038961 878
760243527 824038987 878
760243527 824039126 878
760243527 824039260 878
760243527 824039471 878
760243527 824039484 878
760243527 824039761 878
760243527 824039851 893
760243527 824039875 878
760243527 824040039 878
760243527 824040125 878
760243527 824040515 878
760243527 824040951 878
760243527 930626766 1
760243527 930626866 8
760243527 930626886 217
760243527 930626996 13
760243527 930627026 1
760243527 930627036 1
760243527 930627176 1
760243527 930627196 1
760243527 930627486 2
760243527 930627496 15
760243527 930627616 40
760243527 930627746 2
760243527 930627836 2
760243527 936423854 1
760243527 949601179 0
760243527 968561617 24
760243527 979517098 2
760243587 807051501 0
760243587 807051581 21
760243587 807051831 10
760243587 807051851 0
760243587 807052171 0
760243587 807052191 0
760243587 807052210 0
760243587 807052380 1
760243587 807052420 0
760243587 807052770 0
760243587 807052820 0
760243587 820743455 0
760243587 820743465 1
760243587 820743515 15
760243587 820905197 1
760243587 820905217 0
760243587 820905567 2
760243587 820905747 186
760243587 820905767 0
760243587 820905977 0
760243587 824038961 878
760243587 824038987 878
760243587 824039126 878
760243587 824039260 878
760243587 824039471 878
760243587 824039484 878
760243587 824039761 878
760243587 824039851 893
760243587 824039875 878
760243587 824040039 878
760243587 824040125 878
760243587 824040515 878
760243587 824040951 878
760243587 930626766 1
760243587 930626866 8
760243587 930626886 217
760243587 930626996 13
760243587 930627026 1
760243587 930627036 1
760243587 930627176 1
760243587 930627196 1
760243587 930627486 2
760243587 930627496 15
760243587 930627616 40
760243587 930627746 2
760243587 930627836 2
760243587 936423854 1
760243587 949601179 0
760243587 968561617 24
760243587 979517098 2
807051501 807051581 21
807051501 807051831 10
807051501 807051851 0
807051501 807052171 0
807051501 807052191 0
807051501 807052210 0
807051501 807052380 1
807051501 807052420 0
807051501 807052770 0
807051501 807052820 0
807051501 820743455 0
807051501 820743465 1
807051501 820743515 15
807051501 820905197 1
807051501 820905217 0
807051501 820905567 2
807051501 820905747 186
807051501 820905767 0
807051501 820905977 0
807051501 824038961 878
807051501 824038987 878
807051501 824039126 878
807051501 824039260 878
807051501 824039471 878
807051501 824039484 878
807051501 824039761 878
807051501 824039851 893
807051501 824039875 878
807051501 824040039 878
807051501 824040125 878
807051501 824040515 878
807051501 824040951 878
807051501 930626766 1
807051501 930626866 8
807051501 930626886 217
807051501 930626996 13
807051501 930627026 1
807051501 930627036 1
807051501 930627176 1
807051501 930627196 1
807051501 930627486 2
807051501 930627496 15
807051501 930627616 40
807051501 930627746 2
807051501 930627836 2
807051501 936423854 1
807051501 949601179 0
807051501 968561617 24
807051501 979517098 2
807051581 807051831 31
807051581 807051851 21
807051581 807052171 21
807051581 807052191 21
807051581 807052210 21
807051581 807052380 22
807051581 807052420 21
807051581 807052770 21
807051581 807052820 21
807051581 820743455 21
807051581 820743465 22
807051581 820743515 36
807051581 820905197 22
807051581 820905217 21
807051581 820905567 23
807051581 820905747 167
807051581 820905767 21
807051581 820905977 21
807051581 824038961 878
807051581 824038987 878
807051581 824039126 878
807051581 824039260 878
807051581 824039471 878
807051581 824039484 878
807051581 824039761 878
807051581 824039851 893
807051581 824039875 878
807051581 824040039 878
807051581 824040125 878
807051581 824040515 878
807051581 824040951 878
807051581 930626766 22
807051581 930626866 29
807051581 930626886 228
807051581 930626996 28
807051581 930627026 22
807051581 930627036 22
807051581 930627176 22
807051581 930627196 22
807051581 930627486 23
807051581 930627496 36
807051581 930627616 61
807051581 930627746 23
807051581 930627836 23
807051581 936423854 22
807051581 949601179 21
807051581 968561617 45
807051581 979517098 23
807051831 807051851 10
807051831 807052171 10
807051831 807052191 10
807051831 807052210 10
807051831 807052380 11
807051831 807052420 10
807051831 807052770 10
807051831 807052820 10
807051831 820743455 10
807051831 820743465 11
807051831 820743515 25
807051831 820905197 11
807051831 820905217 10
807051831 820905567 12
807051831 820905747 196
807051831 820905767 10
807051831 820905977 10
807051831 824038961 878
807051831 824038987 878
807051831 824039126 878
807051831 824039260 878
807051831 824039471 878
807051831 824039484 878
807051831 824039761 878
807051831 824039851 893
807051831 824039875 878
807051831 824040039 878
807051831 824040125 878
807051831 824040515 878
807051831 824040951 878
807051831 930626766 11
807051831 930626866 18
807051831 930626886 227
807051831 930626996 23
807051831 930627026 11
807051831 930627036 11
807051831 930627176 11
807051831 930627196 11
807051831 930627486 12
807051831 930627496 25
807051831 930627616 50
807051831 930627746 12
807051831 930627836 12
807051831 936423854 11
807051831 949601179 10
807051831 968561617 34
807051831 979517098 12
807051851 807052171 0
807051851 807052191 0
807051851 807052210 0
807051851 807052380 1
807051851 807052420 0
807051851 807052770 0
807051851 807052820 0
807051851 820743455 0
807051851 820743465 1
807051851 820743515 15
807051851 820905197 1
807051851 820905217 0
807051851 820905567 2
807051851 820905747 186
807051851 820905767 0
807051851 820905977 0
807051851 824038961 878
807051851 824038987 878
807051851 824039126 878
807051851 824039260 878
807051851 824039471 878
807051851 824039484 878
807051851 824039761 878
807051851 824039851 893
807051851 824039875 878
807051851 824040039 878
807051851 824040125 878
807051851 824040515 878
807051851 824040951 878
807051851 930626766 1
807051851 930626866 8
807051851 930626886 217
807051851 930626996 13
807051851 930627026 1
807051851 930627036 1
807051851 930627176 1
807051851 930627196 1
807051851 930627486 2
807051851 930627496 15
807051851 930627616 40
807051851 930627746 2
807051851 930627836 2
807051851 936423854 1
807051851 949601179 0
807051851 968561617 24
807051851 979517098 2
807052171 807052191 0
807052171 807052210 0
807052171 807052380 1
807052171 807052420 0
807052171 807052770 0
807052171 807052820 0
807052171 820743455 0
807052171 820743465 1
807052171 820743515 15
807052171 820905197 1
807052171 820905217 0
807052171 820905567 2
807052171 820905747 186
807052171 820905767 0
807052171 820905977 0
807052171 824038961 878
807052171 824038987 878
807052171 824039126 878
807052171 824039260 878
807052171 824039471 878
807052171 824039484 878
807052171 824039761 878
807052171 824039851 893
807052171 824039875 878
807052171 824040039 878
807052171 824040125 878
807052171 824040515 878
807052171 824040951 878
807052171 930626766 1
807052171 930626866 8
807052171 930626886 217
807052171 930626996 13
807052171 930627026 1
807052171 930627036 1
807052171 930627176 1
807052171 930627196 1
807052171 930627486 2
807052171 930627496 15
807052171 930627616 40
807052171 930627746 2
807052171 930627836 2
807052171 936423854 1
807052171 949601179 0
807052171 968561617 24
807052171 979517098 2
807052191 807052210 0
807052191 807052380 1
807052191 807052420 0
807052191 807052770 0
807052191 807052820 0
807052191 820743455 0
807052191 820743465 1
807052191 820743515 15
807052191 820905197 1
807052191 820905217 0
807052191 820905567 2
807052191 820905747 186
807052191 820905767 0
807052191 820905977 0
807052191 824038961 878
807052191 824038987 878
807052191 824039126 878
807052191 824039260 878
807052191 824039471 878
807052191 824039484 878
807052191 824039761 878
807052191 824039851 893
807052191 824039875 878
807052191 824040039 878
807052191 824040125 878
807052191 824040515 878
807052191 824040951 878
807052191 930626766 1
807052191 930626866 8
807052191 930626886 217
807052191 930626996 13
807052191 930627026 1
807052191 930627036 1
807052191 930627176 1
807052191 930627196 1
807052191 930627486 2
807052191 930627496 15
807052191 930627616 40
807052191 930627746 2
807052191 930627836 2
807052191 936423854 1
807052191 949601179 0
807052191 968561617 24
807052191 979517098 2
807052210 807052380 1
807052210 807052420 0
807052210 807052770 0
807052210 807052820 0
807052210 820743455 0
807052210 820743465 1
807052210 820743515 15
807052210 820905197 1
807052210 820905217 0
807052210 820905567 2
807052210 820905747 186
807052210 820905767 0
807052210 820905977 0
807052210 824038961 878
807052210 824038987 878
807052210 824039126 878
807052210 824039260 878
807052210 824039471 878
807052210 824039484 878
807052210 824039761 878
807052210 824039851 893
807052210 824039875 878
807052210 824040039 878
807052210 824040125 878
807052210 824040515 878
807052210 824040951 878
807052210 930626766 1
807052210 930626866 8
807052210 930626886 217
807052210 930626996 13
807052210 930627026 1
807052210 930627036 1
807052210 930627176 1
807052210 930627196 1
807052210 930627486 2
807052210 930627496 15
807052210 930627616 40
807052210 930627746 2
807052210 930627836 2
807052210 936423854 1
807052210 949601179 0
807052210 968561617 24
807052210 979517098 2
807052380 807052420 1
807052380 807052770 1
807052380 807052820 1
807052380 820743455 1
807052380 820743465 2
807052380 820743515 16
807052380 820905197 2
807052380 820905217 1
807052380 820905567 3
807052380 820905747 187
807052380 820905767 1
807052380 820905977 1
807052380 824038961 879
807052380 824038987 879
807052380 824039126 879
807052380 824039260 879
807052380 824039471 879
807052380 824039484 879
807052380 824039761 879
807052380 824039851 894
807052380 824039875 879
807052380 824040039 879
807052380 824040125 879
807052380 824040515 879
807052380 824040951 879
807052380 930626766 2
807052380 930626866 9
807052380 930626886 218
807052380 930626996 14
807052380 930627026 2
807052380 930627036 2
807052380 930627176 2
807052380 930627196 2
807052380 930627486 3
807052380 930627496 16
807052380 930627616 41
807052380 930627746 3
807052380 930627836 3
807052380 936423854 2
807052380 949601179 1
807052380 968561617 25
807052380 979517098 3
807052420 807052770 0
807052420 807052820 0
807052420 820743455 0
807052420 820743465 1
807052420 820743515 15
807052420 820905197 1
807052420 820905217 0
807052420 820905567 2
807052420 820905747 186
807052420 820905767 0
807052420 820905977 0
807052420 824038961 878
807052420 824038987 878
807052420 824039126 878
807052420 824039260 878
807052420 824039471 878
807052420 824039484 878
807052420 824039761 878
807052420 824039851 893
807052420 824039875 878
807052420 824040039 878
807052420 824040125 878
807052420 824040515 878
807052420 824040951 878
807052420 930626766 1
807052420 930626866 8
807052420 930626886 217
807052420 930626996 13
807052420 930627026 1
807052420 930627036 1
807052420 930627176 1
807052420 930627196 1
807052420 930627486 2
807052420 930627496 15
807052420 930627616 40
807052420 930627746 2
807052420 930627836 2
807052420 936423854 1
807052420 949601179 0
807052420 968561617 24
807052420 979517098 2
807052770 807052820 0
807052770 820743455 0
807052770 820743465 1
807052770 820743515 15
807052770 820905197 1
807052770 820905217 0
807052770 820905567 2
807052770 820905747 186
807052770 820905767 0
807052770 820905977 0
807052770 824038961 878
807052770 824038987 878
807052770 824039126 878
807052770 824039260 878
807052770 824039471 878
807052770 824039484 878
807052770 824039761 878
807052770 824039851 893
807052770 824039875 878
807052770 824040039 878
807052770 824040125 878
807052770 824040515 878
807052770 824040951 878
807052770 930626766 1
807052770 930626866 8
807052770 930626886 217
807052770 930626996 13
807052770 930627026 1
807052770 930627036 1
807052770 930627176 1
807052770 930627196 1
807052770 930627486 2
807052770 930627496 15
807052770 930627616 40
807052770 930627746 2
807052770 930627836 2
807052770 936423854 1
807052770 949601179 0
807052770 968561617 24
807052770 979517098 2
807052820 820743455 0
807052820 820743465 1
807052820 820743515 15
807052820 820905197 1
807052820 820905217 0
807052820 820905567 2
807052820 820905747 186
807052820 820905767 0
807052820 820905977 0
807052820 824038961 878
807052820 824038987 878
807052820 824039126 878
807052820 824039260 878
807052820 824039471 878
807052820 824039484 878
807052820 824039761 878
807052820 824039851 893
807052820 824039875 878
807052820 824040039 878
807052820 824040125 878
807052820 824040515 878
807052820 824040951 878
807052820 930626766 1
807052820 930626866 8
807052820 930626886 217
807052820 930626996 13
807052820 930627026 1
807052820 930627036 1
807052820 930627176 1
807052820 930627196 1
807052820 930627486 2
807052820 930627496 15
807052820 930627616 40
807052820 930627746 2
807052820 930627836 2
807052820 936423854 1
807052820 949601179 0
807052820 968561617 24
807052820 979517098 2
820743455 820743465 1
820743455 820743515 15
820743455 820905197 1
820743455 820905217 0
820743455 820905567 2
820743455 820905747 186
820743455 820905767 0
820743455 820905977 0
820743455 824038961 878
820743455 824038987 878
820743455 824039126 878
820743455 824039260 878
820743455 824039471 878
820743455 824039484 878
820743455 824039761 878
820743455 824039851 893
820743455 824039875 878
820743455 824040039 878
820743455 824040125 878
820743455 824040515 878
820743455 824040951 878
820743455 930626766 1
820743455 930626866 8
820743455 930626886 217
820743455 930626996 13
820743455 930627026 1
820743455 930627036 1
820743455 930627176 1
820743455 930627196 1
820743455 930627486 2
820743455 930627496 15
820743455 930627616 40
820743455 930627746 2
820743455 930627836 2
820743455 936423854 1
820743455 949601179 0
820743455 968561617 24
820743455 979517098 2
820743465 820743515 16
820743465 820905197 2
820743465 820905217 1
820743465 820905567 1
820743465 820905747 187
820743465 820905767 1
820743465 820905977 1
820743465 824038961 878
820743465 824038987 878
820743465 824039126 878
820743465 824039260 878
820743465 824039471 878
820743465 824039484 878
820743465 824039761 878
820743465 824039851 893
820743465 824039875 878
820743465 824040039 878
820743465 824040125 878
820743465 824040515 878
820743465 824040951 878
820743465 930626766 0
820743465 930626866 7
820743465 930626886 216
820743465 930626996 12
820743465 930627026 0
820743465 930627036 0
820743465 930627176 0
820743465 930627196 0
820743465 930627486 1
820743465 930627496 14
820743465 930627616 39
820743465 930627746 1
820743465 930627836 1
820743465 936423854 0
820743465 949601179 1
820743465 968561617 23
820743465 979517098 1
820743515 820905197 16
820743515 820905217 15
820743515 820905567 17
820743515 820905747 201
820743515 820905767 15
820743515 820905977 15
820743515 824038961 893
820743515 824038987 893
820743515 824039126 893
820743515 824039260 893
820743515 824039471 893
820743515 824039484 893
820743515 824039761 893
820743515 824039851 908
820743515 824039875 893
820743515 824040039 893
820743515 824040125 893
820743515 824040515 893
820743515 824040951 893
820743515 930626766 16
820743515 930626866 23
820743515 930626886 232
820743515 930626996 28
820743515 930627026 16
820743515 930627036 16
820743515 930627176 16
820743515 930627196 16
820743515 930627486 17
820743515 930627496 30
820743515 930627616 55
820743515 930627746 17
820743515 930627836 17
820743515 936423854 16
820743515 949601179 15
820743515 968561617 39
820743515 979517098 17
820905197 820905217 1
820905197 820905567 3
820905197 820905747 187
820905197 820905767 1
820905197 820905977 1
820905197 824038961 878
820905197 824038987 878
820905197 824039126 878
820905197 824039260 878
820905197 824039471 878
820905197 824039484 878
820905197 824039761 878
820905197 824039851 893
820905197 824039875 878
820905197 824040039 878
820905197 824040125 878
820905197 824040515 878
820905197 824040951 878
820905197 930626766 2
820905197 930626866 9
820905197 930626886 218
820905197 930626996 14
820905197 930627026 2
820905197 930627036 2
820905197 930627176 2
820905197 930627196 2
820905197 930627486 3
820905197 930627496 16
820905197 930627616 41
820905197 930627746 3
820905197 930627836 3
820905197 936423854 2
820905197 949601179 1
820905197 968561617 25
820905197 979517098 3
820905217 820905567 2
820905217 820905747 186
820905217 820905767 0
820905217 820905977 0
820905217 824038961 878
820905217 824038987 878
820905217 824039126 878
820905217 824039260 878
820905217 824039471 878
820905217 824039484 878
820905217 824039761 878
820905217 824039851 893
820905217 824039875 878
820905217 824040039 878
820905217 824040125 878
820905217 824040515 878
820905217 824040951 878
820905217 930626766 1
820905217 930626866 8
820905217 930626886 217
820905217 930626996 13
820905217 930627026 1
820905217 930627036 1
820905217 930627176 1
820905217 930627196 1
820905217 930627486 2
820905217 930627496 15
820905217 930627616 40
820905217 930627746 2
820905217 930627836 2
820905217 936423854 1
820905217 949601179 0
820905217 968561617 24
820905217 979517098 2
820905567 820905747 188
820905567 820905767 2
820905567 820905977 2
820905567 824038961 878
820905567 824038987 878
820905567 824039126 878
820905567 824039260 878
820905567 824039471 878
820905567 824039484 878
820905567 824039761 878
820905567 824039851 893
820905567 824039875 878
820905567 824040039 878
820905567 824040125 878
820905567 824040515 878
820905567 824040951 878
820905567 930626766 1
820905567 930626866 8
820905567 930626886 217
820905567 930626996 13
820905567 930627026 1
820905567 930627036 1
820905567 930627176 1
820905567 930627196 1
820905567 930627486 2
820905567 930627496 15
820905567 930627616 40
820905567 930627746 2
820905567 930627836 2
820905567 936423854 1
820905567 949601179 2
820905567 968561617 24
820905567 979517098 2
820905747 820905767 186
820905747 820905977 186
820905747 824038961 878
820905747 824038987 878
820905747 824039126 878
820905747 824039260 878
820905747 824039471 878
820905747 824039484 878
820905747 824039761 878
820905747 824039851 893
820905747 824039875 878
820905747 824040039 878
820905747 824040125 878
820905747 824040515 878
820905747 824040951 878
820905747 930626766 187
820905747 930626866 194
820905747 930626886 331
820905747 930626996 193
820905747 930627026 187
820905747 930627036 187
820905747 930627176 187
820905747 930627196 187
820905747 930627486 188
820905747 930627496 201
820905747 930627616 218
820905747 930627746 188
820905747 930627836 188
820905747 936423854 187
820905747 949601179 186
820905747 968561617 164
820905747 979517098 188
820905767 820905977 0
820905767 824038961 878
820905767 824038987 878
820905767 824039126 878
820905767 824039260 878
820905767 824039471 878
820905767 824039484 878
820905767 824039761 878
820905767 824039851 893
820905767 824039875 878
820905767 824040039 878
820905767 824040125 878
820905767 824040515 878
820905767 824040951 878
820905767 930626766 1
820905767 930626866 8
820905767 930626886 217
820905767 930626996 13
820905767 930627026 1
820905767 930627036 1
820905767 930627176 1
820905767 930627196 1
820905767 930627486 2
820905767 930627496 15
820905767 930627616 40
820905767 930627746 2
820905767 930627836 2
820905767 936423854 1
820905767 949601179 0
820905767 968561617 24
820905767 979517098 2
820905977 824038961 878
820905977 824038987 878
820905977 824039126 878
820905977 824039260 878
820905977 824039471 878
820905977 824039484 878
820905977 824039761 878
820905977 824039851 893
820905977 824039875 878
820905977 824040039 878
820905977 824040125 878
820905977 824040515 878
820905977 824040951 878
820905977 930626766 1
820905977 930626866 8
820905977 930626886 217
820905977 930626996 13
820905977 930627026 1
820905977 930627036 1
820905977 930627176 1
820905977 930627196 1
820905977 930627486 2
820905977 930627496 15
820905977 930627616 40
820905977 930627746 2
820905977 930627836 2
820905977 936423854 1
820905977 949601179 0
820905977 968561617 24
820905977 979517098 2
824038961 824038987 0
824038961 824039126 0
824038961 824039260 0
824038961 824039471 0
824038961 824039484 0
824038961 824039761 0
824038961 824039851 15
824038961 824039875 0
824038961 824040039 0
824038961 824040125 0
824038961 824040515 0
824038961 824040951 2
824038961 930626766 878
824038961 930626866 878
824038961 930626886 896
824038961 930626996 879
824038961 930627026 878
824038961 930627036 878
824038961 930627176 878
824038961 930627196 878
824038961 930627486 878
824038961 930627496 878
824038961 930627616 880
824038961 930627746 878
824038961 930627836 878
824038961 936423854 878
824038961 949601179 878
824038961 968561617 878
824038961 979517098 878
824038987 824039126 0
824038987 824039260 0
824038987 824039471 0
824038987 824039484 0
824038987 824039761 0
824038987 824039851 15
824038987 824039875 0
824038987 824040039 0
824038987 824040125 0
824038987 824040515 0
824038987 824040951 2
824038987 930626766 878
824038987 930626866 878
824038987 930626886 896
824038987 930626996 879
824038987 930627026 878
824038987 930627036 878
824038987 930627176 878
824038987 930627196 878
824038987 930627486 878
824038987 930627496 878
824038987 930627616 880
824038987 930627746 878
824038987 930627836 878
824038987 936423854 878
824038987 949601179 878
824038987 968561617 878
824038987 979517098 878
824039126 824039260 0
824039126 824039471 0
824039126 824039484 0
824039126 824039761 0
824039126 824039851 15
824039126 824039875 0
824039126 824040039 0
824039126 824040125 0
824039126 824040515 0
824039126 824040951 2
824039126 930626766 878
824039126 930626866 878
824039126 930626886 896
824039126 930626996 879
824039126 930627026 878
824039126 930627036 878
824039126 930627176 878
824039126 930627196 878
824039126 930627486 878
824039126 930627496 878
824039126 930627616 880
824039126 930627746 878
824039126 930627836 878
824039126 936423854 878
824039126 949601179 878
824039126 968561617 878
824039126 979517098 878
824039260 824039471 0
824039260 824039484 0
824039260 824039761 0
824039260 824039851 15
824039260 824039875 0
824039260 824040039 0
824039260 824040125 0
824039260 824040515 0
824039260 824040951 2
824039260 930626766 878
824039260 930626866 878
824039260 930626886 896
824039260 930626996 879
824039260 930627026 878
824039260 930627036 878
824039260 930627176 878
824039260 930627196 878
824039260 930627486 878
824039260 930627496 878
824039260 930627616 880
824039260 930627746 878
824039260 930627836 878
824039260 936423854 878
824039260 949601179 878
824039260 968561617 878
824039260 979517098 878
824039471 824039484 0
824039471 824039761 0
824039471 824039851 15
824039471 824039875 0
824039471 824040039 0
824039471 824040125 0
824039471 824040515 0
824039471 824040951 2
824039471 930626766 878
824039471 930626866 878
824039471 930626886 896
824039471 930626996 879
824039471 930627026 878
824039471 930627036 878
824039471 930627176 878
824039471 930627196 878
824039471 930627486 878
824039471 930627496 878
824039471 930627616 880
824039471 930627746 878
824039471 930627836 878
824039471 936423854 878
824039471 949601179 878
824039471 968561617 878
824039471 979517098 878
824039484 824039761 0
824039484 824039851 15
824039484 824039875 0
824039484 824040039 0
824039484 824040125 0
824039484 824040515 0
824039484 824040951 2
824039484 930626766 878
824039484 930626866 878
824039484 930626886 896
824039484 930626996 879
824039484 930627026 878
824039484 930627036 878
824039484 930627176 878
824039484 930627196 878
824039484 930627486 878
824039484 930627496 878
824039484 930627616 880
824039484 930627746 878
824039484 930627836 878
824039484 936423854 878
824039484 949601179 878
824039484 968561617 878
824039484 979517098 878
824039761 824039851 15
824039761 824039875 0
824039761 824040039 0
824039761 824040125 0
824039761 824040515 0
824039761 824040951 2
824039761 930626766 878
824039761 930626866 878
824039761 930626886 896
824039761 930626996 879
824039761 930627026 878
824039761 930627036 878
824039761 930627176 878
824039761 930627196 878
824039761 930627486 878
824039761 930627496 878
824039761 930627616 880
824039761 930627746 878
824039761 930627836 878
824039761 936423854 878
824039761 949601179 878
824039761 968561617 878
824039761 979517098 878
824039851 824039875 15
824039851 824040039 15
824039851 824040125 15
824039851 824040515 15
824039851 824040951 17
824039851 930626766 893
824039851 930626866 893
824039851 930626886 897
824039851 930626996 894
824039851 930627026 893
824039851 930627036 893
824039851 930627176 893
824039851 930627196 893
824039851 930627486 893
824039851 930627496 893
824039851 930627616 878
824039851 930627746 893
824039851 930627836 893
824039851 936423854 893
824039851 949601179 893
824039851 968561617 893
824039851 979517098 893
824039875 824040039 0
824039875 824040125 0
824039875 824040515 0
824039875 824040951 2
824039875 930626766 878
824039875 930626866 878
824039875 930626886 896
824039875 930626996 879
824039875 930627026 878
824039875 930627036 878
824039875 930627176 878
824039875 930627196 878
824039875 930627486 878
824039875 930627496 878
824039875 930627616 880
824039875 930627746 878
824039875 930627836 878
824039875 936423854 878
824039875 949601179 878
824039875 968561617 878
824039875 979517098 878
824040039 824040125 0
824040039 824040515 0
824040039 824040951 2
824040039 930626766 878
824040039 930626866 878
824040039 930626886 896
824040039 930626996 879
824040039 930627026 878
824040039 930627036 878
824040039 930627176 878
824040039 930627196 878
824040039 930627486 878
824040039 930627496 878
824040039 930627616 880
824040039 930627746 878
824040039 930627836 878
824040039 936423854 878
824040039 949601179 878
824040039 968561617 878
824040039 979517098 878
824040125 824040515 0
824040125 824040951 2
824040125 930626766 878
824040125 930626866 878
824040125 930626886 896
824040125 930626996 879
824040125 930627026 878
824040125 930627036 878
824040125 930627176 878
824040125 930627196 878
824040125 930627486 878
824040125 930627496 878
824040125 930627616 880
824040125 930627746 878
824040125 930627836 878
824040125 936423854 878
824040125 949601179 878
824040125 968561617 878
824040125 979517098 878
824040515 824040951 2
824040515 930626766 878
824040515 930626866 878
824040515 930626886 896
824040515 930626996 879
824040515 930627026 878
824040515 930627036 878
824040515 930627176 878
824040515 930627196 878
824040515 930627486 878
824040515 930627496 878
824040515 930627616 880
824040515 930627746 878
824040515 930627836 878
824040515 936423854 878
824040515 949601179 878
824040515 968561617 878
824040515 979517098 878
824040951 930626766 878
824040951 930626866 878
824040951 930626886 896
824040951 930626996 879
824040951 930627026 878
824040951 930627036 878
824040951 930627176 878
824040951 930627196 878
824040951 930627486 878
824040951 930627496 878
824040951 930627616 880
824040951 930627746 878
824040951 930627836 878
824040951 936423854 878
824040951 949601179 878
824040951 968561617 878
824040951 979517098 878
930626766 930626866 7
930626766 930626886 216
930626766 930626996 12
930626766 930627026 0
930626766 930627036 0
930626766 930627176 0
930626766 930627196 0
930626766 930627486 1
930626766 930627496 14
930626766 930627616 39
930626766 930627746 1
930626766 930627836 1
930626766 936423854 0
930626766 949601179 1
930626766 968561617 23
930626766 979517098 1
930626866 930626886 211
930626866 930626996 19
930626866 930627026 7
930626866 930627036 7
930626866 930627176 7
930626866 930627196 7
930626866 930627486 8
930626866 930627496 21
930626866 930627616 46
930626866 930627746 8
930626866 930627836 8
930626866 936423854 7
930626866 949601179 8
930626866 968561617 30
930626866 979517098 8
930626886 930626996 206
930626886 930627026 216
930626886 930627036 216
930626886 930627176 216
930626886 930627196 216
930626886 930627486 216
930626886 930627496 230
930626886 930627616 227
930626886 930627746 217
930626886 930627836 216
930626886 936423854 216
930626886 949601179 217
930626886 968561617 239
930626886 979517098 217
930626996 930627026 12
930626996 930627036 12
930626996 930627176 12
930626996 930627196 12
930626996 930627486 13
930626996 930627496 26
930626996 930627616 51
930626996 930627746 13
930626996 930627836 13
930626996 936423854 12
930626996 949601179 13
930626996 968561617 35
930626996 979517098 13
930627026 930627036 0
930627026 930627176 0
930627026 930627196 0
930627026 930627486 1
930627026 930627496 14
930627026 930627616 39
930627026 930627746 1
930627026 930627836 1
930627026 936423854 0
930627026 949601179 1
930627026 968561617 23
930627026 979517098 1
930627036 930627176 0
930627036 930627196 0
930627036 930627486 1
930627036 930627496 14
930627036 930627616 39
930627036 930627746 1
930627036 930627836 1
930627036 936423854 0
930627036 949601179 1
930627036 968561617 23
930627036 979517098 1
930627176 930627196 0
930627176 930627486 1
930627176 930627496 14
930627176 930627616 39
930627176 930627746 1
930627176 930627836 1
930627176 936423854 0
930627176 949601179 1
930627176 968561617 23
930627176 979517098 1
930627196 930627486 1
930627196 930627496 14
930627196 930627616 39
930627196 930627746 1
930627196 930627836 1
930627196 936423854 0
930627196 949601179 1
930627196 968561617 23
930627196 979517098 1
930627486 930627496 15
930627486 930627616 40
930627486 930627746 2
930627486 930627836 2
930627486 936423854 1
930627486 949601179 2
930627486 968561617 24
930627486 979517098 2
930627496 930627616 53
930627496 930627746 15
930627496 930627836 15
930627496 936423854 14
930627496 949601179 15
930627496 968561617 37
930627496 979517098 15
930627616 930627746 40
930627616 930627836 39
930627616 936423854 39
930627616 949601179 40
930627616 968561617 62
930627616 979517098 40
930627746 930627836 2
930627746 936423854 1
930627746 949601179 2
930627746 968561617 24
930627746 979517098 2
930627836 936423854 1
930627836 949601179 2
930627836 968561617 24
930627836 979517098 2
936423854 949601179 1
936423854 968561617 23
936423854 979517098 1
949601179 968561617 24
949601179 979517098 2
968561617 979517098 24