# Columns are as follows: sample_1 sample_2 distance
1013071302 1013071422 1
1013071302 1018445771 64
1013071302 1018445871 2
1013071302 436409269 33
1013071302 436409329 34
1013071302 436409349 34
1013071302 436409369 38
1013071302 436409419 38
1013071302 436409429 35
1013071302 436409439 27
1013071302 667852635 0
1013071302 674810554 0
1013071302 685509613 365
1013071302 760241947 1
1013071302 760241994 0
1013071302 760242017 0
1013071302 760242040 2
1013071302 760242166 1
1013071302 760242333 0
1013071302 760242399 0
1013071302 760242444 0
1013071302 760242670 1
1013071302 760242890 0
1013071302 760242914 0
1013071302 760242938 2
1013071302 760243319 0
1013071302 760243417 0
1013071302 760243527 0
1013071302 760243587 0
1013071302 807051501 124
1013071302 807051581 53
1013071302 807051831 0
1013071302 807051851 0
1013071302 807052171 0
1013071302 807052191 1
1013071302 807052210 1
1013071302 807052380 0
1013071302 807052420 0
1013071302 807052770 1
1013071302 807052820 0
1013071302 820743455 1
1013071302 820743465 1
1013071302 820743515 17
1013071302 820905197 0
1013071302 820905217 0
1013071302 820905567 0
1013071302 820905747 142
1013071302 820905767 0
1013071302 820905977 0
1013071302 824038961 354
1013071302 824038987 353
1013071302 824039126 353
1013071302 824039260 353
1013071302 824039471 357
1013071302 824039484 353
1013071302 824039761 353
1013071302 824039851 530
1013071302 824039875 357
1013071302 824040039 353
1013071302 824040125 353
1013071302 824040515 353
1013071302 824040951 358
1013071302 930626766 36
1013071302 930626866 24
1013071302 930626886 102
1013071302 930626996 3
1013071302 930627026 0
1013071302 930627036 1
1013071302 930627176 0
1013071302 930627196 1
1013071302 930627486 0
1013071302 930627496 0
1013071302 930627616 81
1013071302 930627746 1
1013071302 930627836 0
1013071302 936423854 1
1013071302 949601179 1
1013071302 968561617 0
1013071302 979517098 0
1013071422 1018445771 65
1013071422 1018445871 3
1013071422 436409269 34
1013071422 436409329 35
1013071422 436409349 35
1013071422 436409369 39
1013071422 436409419 39
1013071422 436409429 36
1013071422 436409439 28
1013071422 667852635 1
1013071422 674810554 1
1013071422 685509613 366
1013071422 760241947 2
1013071422 760241994 1
1013071422 760242017 1
1013071422 760242040 3
1013071422 760242166 2
1013071422 760242333 1
1013071422 760242399 1
1013071422 760242444 1
1013071422 760242670 2
1013071422 760242890 1
1013071422 760242914 1
1013071422 760242938 3
1013071422 760243319 1
1013071422 760243417 1
1013071422 760243527 1
1013071422 760243587 1
1013071422 807051501 125
1013071422 807051581 54
1013071422 807051831 1
1013071422 807051851 1
1013071422 807052171 1
1013071422 807052191 2
1013071422 807052210 2
1013071422 807052380 1
1013071422 807052420 1
1013071422 807052770 2
1013071422 807052820 1
1013071422 820743455 2
1013071422 820743465 2
1013071422 820743515 18
1013071422 820905197 1
1013071422 820905217 1
1013071422 820905567 1
1013071422 820905747 143
1013071422 820905767 1
1013071422 820905977 1
1013071422 824038961 355
1013071422 824038987 354
1013071422 824039126 354
1013071422 824039260 354
1013071422 824039471 358
1013071422 824039484 354
1013071422 824039761 354
1013071422 824039851 530
1013071422 824039875 358
1013071422 824040039 354
1013071422 824040125 354
1013071422 824040515 354
1013071422 824040951 359
1013071422 930626766 37
1013071422 930626866 25
1013071422 930626886 101
1013071422 930626996 2
1013071422 930627026 1
1013071422 930627036 0
1013071422 930627176 1
1013071422 930627196 0
1013071422 930627486 1
1013071422 930627496 1
1013071422 930627616 82
1013071422 930627746 2
1013071422 930627836 1
1013071422 936423854 2
1013071422 949601179 2
1013071422 968561617 1
1013071422 979517098 1
1018445771 1018445871 64
1018445771 436409269 96
1018445771 436409329 96
1018445771 436409349 96
1018445771 436409369 100
1018445771 436409419 99
1018445771 436409429 98
1018445771 436409439 89
1018445771 667852635 64
1018445771 674810554 64
1018445771 685509613 373
1018445771 760241947 65
1018445771 760241994 64
1018445771 760242017 64
1018445771 760242040 66
1018445771 760242166 65
1018445771 760242333 64
1018445771 760242399 64
1018445771 760242444 64
1018445771 760242670 65
1018445771 760242890 64
1018445771 760242914 64
1018445771 760242938 66
1018445771 760243319 64
1018445771 760243417 64
1018445771 760243527 64
1018445771 760243587 64
1018445771 807051501 76
1018445771 807051581 61
1018445771 807051831 64
1018445771 807051851 64
1018445771 807052171 64
1018445771 807052191 65
1018445771 807052210 65
1018445771 807052380 64
1018445771 807052420 64
1018445771 807052770 65
1018445771 807052820 64
1018445771 820743455 65
1018445771 820743465 65
1018445771 820743515 81
1018445771 820905197 64
1018445771 820905217 64
1018445771 820905567 64
1018445771 820905747 90
1018445771 820905767 64
1018445771 820905977 64
1018445771 824038961 360
1018445771 824038987 359
1018445771 824039126 359
1018445771 824039260 359
1018445771 824039471 363
1018445771 824039484 359
1018445771 824039761 359
1018445771 824039851 536
1018445771 824039875 363
1018445771 824040039 359
1018445771 824040125 359
1018445771 824040515 359
1018445771 824040951 364
1018445771 930626766 100
1018445771 930626866 48
1018445771 930626886 160
1018445771 930626996 67
1018445771 930627026 64
1018445771 930627036 65
1018445771 930627176 64
1018445771 930627196 65
1018445771 930627486 64
1018445771 930627496 64
1018445771 930627616 145
1018445771 930627746 63
1018445771 930627836 64
1018445771 936423854 65
1018445771 949601179 65
1018445771 968561617 64
1018445771 979517098 64
1018445871 436409269 35
1018445871 436409329 36
1018445871 436409349 36
1018445871 436409369 40
1018445871 436409419 40
1018445871 436409429 37
1018445871 436409439 29
1018445871 667852635 2
1018445871 674810554 2
1018445871 685509613 367
1018445871 760241947 3
1018445871 760241994 2
1018445871 760242017 2
1018445871 760242040 4
1018445871 760242166 3
1018445871 760242333 2
1018445871 760242399 2
1018445871 760242444 2
1018445871 760242670 3
1018445871 760242890 2
1018445871 760242914 2
1018445871 760242938 4
1018445871 760243319 2
1018445871 760243417 2
1018445871 760243527 2
1018445871 760243587 2
1018445871 807051501 126
1018445871 807051581 55
1018445871 807051831 2
1018445871 807051851 2
1018445871 807052171 2
1018445871 807052191 3
1018445871 807052210 3
1018445871 807052380 2
1018445871 807052420 2
1018445871 807052770 3
1018445871 807052820 2
1018445871 820743455 3
1018445871 820743465 3
1018445871 820743515 19
1018445871 820905197 2
1018445871 820905217 2
1018445871 820905567 2
1018445871 820905747 144
1018445871 820905767 2
1018445871 820905977 2
1018445871 824038961 356
1018445871 824038987 355
1018445871 824039126 355
1018445871 824039260 355
1018445871 824039471 359
1018445871 824039484 355
1018445871 824039761 355
1018445871 824039851 532
1018445871 824039875 359
1018445871 824040039 355
1018445871 824040125 355
1018445871 824040515 355
1018445871 824040951 360
1018445871 930626766 38
1018445871 930626866 26
1018445871 930626886 104
1018445871 930626996 5
1018445871 930627026 2
1018445871 930627036 3
1018445871 930627176 2
1018445871 930627196 3
1018445871 930627486 2
1018445871 930627496 2
1018445871 930627616 83
1018445871 930627746 3
1018445871 930627836 2
1018445871 936423854 3
1018445871 949601179 3
1018445871 968561617 2
1018445871 979517098 2
436409269 436409329 1
436409269 436409349 29
436409269 436409369 32
436409269 436409419 33
436409269 436409429 32
436409269 436409439 22
436409269 667852635 33
436409269 674810554 33
436409269 685509613 367
436409269 760241947 34
436409269 760241994 33
436409269 760242017 33
436409269 760242040 35
436409269 760242166 34
436409269 760242333 33
436409269 760242399 33
436409269 760242444 33
436409269 760242670 34
436409269 760242890 33
436409269 760242914 33
436409269 760242938 35
436409269 760243319 33
436409269 760243417 33
436409269 760243527 33
436409269 760243587 33
436409269 807051501 152
436409269 807051581 85
436409269 807051831 33
436409269 807051851 33
436409269 807052171 33
436409269 807052191 34
436409269 807052210 34
436409269 807052380 33
436409269 807052420 33
436409269 807052770 34
436409269 807052820 33
436409269 820743455 34
436409269 820743465 34
436409269 820743515 49
436409269 820905197 33
436409269 820905217 33
436409269 820905567 33
436409269 820905747 170
436409269 820905767 33
436409269 820905977 33
436409269 824038961 369
436409269 824038987 368
436409269 824039126 368
436409269 824039260 368
436409269 824039471 372
436409269 824039484 368
436409269 824039761 368
436409269 824039851 541
436409269 824039875 372
436409269 824040039 368
436409269 824040125 368
436409269 824040515 368
436409269 824040951 373
436409269 930626766 65
436409269 930626866 57
436409269 930626886 131
436409269 930626996 36
436409269 930627026 33
436409269 930627036 34
436409269 930627176 33
436409269 930627196 34
436409269 930627486 33
436409269 930627496 33
436409269 930627616 113
436409269 930627746 34
436409269 930627836 33
436409269 936423854 34
436409269 949601179 34
436409269 968561617 33
436409269 979517098 33
436409329 436409349 30
436409329 436409369 33
436409329 436409419 32
436409329 436409429 33
436409329 436409439 23
436409329 667852635 34
436409329 674810554 34
436409329 685509613 367
436409329 760241947 35
436409329 760241994 34
436409329 760242017 34
436409329 760242040 36
436409329 760242166 35
436409329 760242333 34
436409329 760242399 34
436409329 760242444 34
436409329 760242670 35
436409329 760242890 34
436409329 760242914 34
436409329 760242938 36
436409329 760243319 34
436409329 760243417 34
436409329 760243527 34
436409329 760243587 34
436409329 807051501 152
436409329 807051581 86
436409329 807051831 34
436409329 807051851 34
436409329 807052171 34
436409329 807052191 35
436409329 807052210 35
436409329 807052380 34
436409329 807052420 34
436409329 807052770 35
436409329 807052820 34
436409329 820743455 35
436409329 820743465 35
436409329 820743515 50
436409329 820905197 34
436409329 820905217 34
436409329 820905567 34
436409329 820905747 170
436409329 820905767 34
436409329 820905977 34
436409329 824038961 369
436409329 824038987 368
436409329 824039126 368
436409329 824039260 368
436409329 824039471 372
436409329 824039484 368
436409329 824039761 368
436409329 824039851 541
436409329 824039875 372
436409329 824040039 368
436409329 824040125 368
436409329 824040515 368
436409329 824040951 373
436409329 930626766 66
436409329 930626866 58
436409329 930626886 132
436409329 930626996 37
436409329 930627026 34
436409329 930627036 35
436409329 930627176 34
436409329 930627196 35
436409329 930627486 34
436409329 930627496 34
436409329 930627616 114
436409329 930627746 35
436409329 930627836 34
436409329 936423854 35
436409329 949601179 35
436409329 968561617 34
436409329 979517098 34
436409349 436409369 8
436409349 436409419 14
436409349 436409429 32
436409349 436409439 11
436409349 667852635 34
436409349 674810554 34
436409349 685509613 356
436409349 760241947 35
436409349 760241994 34
436409349 760242017 34
436409349 760242040 36
436409349 760242166 35
436409349 760242333 34
436409349 760242399 34
436409349 760242444 34
436409349 760242670 35
436409349 760242890 34
436409349 760242914 34
436409349 760242938 36
436409349 760243319 34
436409349 760243417 34
436409349 760243527 34
436409349 760243587 34
436409349 807051501 153
436409349 807051581 86
436409349 807051831 34
436409349 807051851 34
436409349 807052171 34
436409349 807052191 35
436409349 807052210 35
436409349 807052380 34
436409349 807052420 34
436409349 807052770 35
436409349 807052820 34
436409349 820743455 35
436409349 820743465 35
436409349 820743515 51
436409349 820905197 34
436409349 820905217 34
436409349 820905567 34
436409349 820905747 168
436409349 820905767 34
436409349 820905977 34
436409349 824038961 367
436409349 824038987 366
436409349 824039126 366
436409349 824039260 366
436409349 824039471 370
436409349 824039484 366
436409349 824039761 366
436409349 824039851 540
436409349 824039875 370
436409349 824040039 366
436409349 824040125 366
436409349 824040515 366
436409349 824040951 371
436409349 930626766 66
436409349 930626866 57
436409349 930626886 129
436409349 930626996 37
436409349 930627026 34
436409349 930627036 35
436409349 930627176 34
436409349 930627196 35
436409349 930627486 34
436409349 930627496 34
436409349 930627616 110
436409349 930627746 35
436409349 930627836 34
436409349 936423854 35
436409349 949601179 35
436409349 968561617 34
436409349 979517098 34
436409369 436409419 18
436409369 436409429 37
436409369 436409439 15
436409369 667852635 38
436409369 674810554 38
436409369 685509613 359
436409369 760241947 39
436409369 760241994 38
436409369 760242017 38
436409369 760242040 40
436409369 760242166 39
436409369 760242333 38
436409369 760242399 38
436409369 760242444 38
436409369 760242670 39
436409369 760242890 38
436409369 760242914 38
436409369 760242938 40
436409369 760243319 38
436409369 760243417 38
436409369 760243527 38
436409369 760243587 38
436409369 807051501 157
436409369 807051581 90
436409369 807051831 38
436409369 807051851 38
436409369 807052171 38
436409369 807052191 39
436409369 807052210 39
436409369 807052380 38
436409369 807052420 38
436409369 807052770 39
436409369 807052820 38
436409369 820743455 39
436409369 820743465 39
436409369 820743515 55
436409369 820905197 38
436409369 820905217 38
436409369 820905567 38
436409369 820905747 171
436409369 820905767 38
436409369 820905977 38
436409369 824038961 370
436409369 824038987 369
436409369 824039126 369
436409369 824039260 369
436409369 824039471 373
436409369 824039484 369
436409369 824039761 369
436409369 824039851 542
436409369 824039875 373
436409369 824040039 369
436409369 824040125 369
436409369 824040515 369
436409369 824040951 374
436409369 930626766 70
436409369 930626866 61
436409369 930626886 133
436409369 930626996 41
436409369 930627026 38
436409369 930627036 39
436409369 930627176 38
436409369 930627196 39
436409369 930627486 38
436409369 930627496 38
436409369 930627616 113
436409369 930627746 39
436409369 930627836 38
436409369 936423854 39
436409369 949601179 39
436409369 968561617 38
436409369 979517098 38
436409419 436409429 34
436409419 436409439 15
436409419 667852635 38
436409419 674810554 38
436409419 685509613 359
436409419 760241947 39
436409419 760241994 38
436409419 760242017 38
436409419 760242040 40
436409419 760242166 39
436409419 760242333 38
436409419 760242399 38
436409419 760242444 38
436409419 760242670 39
436409419 760242890 38
436409419 760242914 38
436409419 760242938 40
436409419 760243319 38
436409419 760243417 38
436409419 760243527 38
436409419 760243587 38
436409419 807051501 155
436409419 807051581 89
436409419 807051831 38
436409419 807051851 38
436409419 807052171 38
436409419 807052191 39
436409419 807052210 39
436409419 807052380 38
436409419 807052420 38
436409419 807052770 39
436409419 807052820 38
436409419 820743455 39
436409419 820743465 39
436409419 820743515 55
436409419 820905197 38
436409419 820905217 38
436409419 820905567 38
436409419 820905747 171
436409419 820905767 38
436409419 820905977 38
436409419 824038961 370
436409419 824038987 369
436409419 824039126 369
436409419 824039260 369
436409419 824039471 373
436409419 824039484 369
436409419 824039761 369
436409419 824039851 542
436409419 824039875 373
436409419 824040039 369
436409419 824040125 369
436409419 824040515 369
436409419 824040951 374
436409419 930626766 69
436409419 930626866 61
436409419 930626886 135
436409419 930626996 41
436409419 930627026 38
436409419 930627036 39
436409419 930627176 38
436409419 930627196 39
436409419 930627486 38
436409419 930627496 38
436409419 930627616 115
436409419 930627746 39
436409419 930627836 38
436409419 936423854 39
436409419 949601179 39
436409419 968561617 38
436409419 979517098 38
436409429 436409439 26
436409429 667852635 35
436409429 674810554 35
436409429 685509613 369
436409429 760241947 36
436409429 760241994 35
436409429 760242017 35
436409429 760242040 37
436409429 760242166 36
436409429 760242333 35
436409429 760242399 35
436409429 760242444 35
436409429 760242670 36
436409429 760242890 35
436409429 760242914 35
436409429 760242938 37
436409429 760243319 35
436409429 760243417 35
436409429 760243527 35
436409429 760243587 35
436409429 807051501 154
436409429 807051581 88
436409429 807051831 35
436409429 807051851 35
436409429 807052171 35
436409429 807052191 36
436409429 807052210 36
436409429 807052380 35
436409429 807052420 35
436409429 807052770 36
436409429 807052820 35
436409429 820743455 36
436409429 820743465 36
436409429 820743515 52
436409429 820905197 35
436409429 820905217 35
436409429 820905567 35
436409429 820905747 172
436409429 820905767 35
436409429 820905977 35
436409429 824038961 370
436409429 824038987 369
436409429 824039126 369
436409429 824039260 369
436409429 824039471 373
436409429 824039484 369
436409429 824039761 369
436409429 824039851 540
436409429 824039875 373
436409429 824040039 369
436409429 824040125 369
436409429 824040515 369
436409429 824040951 374
436409429 930626766 67
436409429 930626866 59
436409429 930626886 133
436409429 930626996 38
436409429 930627026 35
436409429 930627036 36
436409429 930627176 35
436409429 930627196 36
436409429 930627486 35
436409429 930627496 35
436409429 930627616 113
436409429 930627746 36
436409429 930627836 35
436409429 936423854 36
436409429 949601179 34
436409429 968561617 35
436409429 979517098 35
436409439 667852635 27
436409439 674810554 27
436409439 685509613 358
436409439 760241947 28
436409439 760241994 27
436409439 760242017 27
436409439 760242040 29
436409439 760242166 28
436409439 760242333 27
436409439 760242399 27
436409439 760242444 27
436409439 760242670 28
436409439 760242890 27
436409439 760242914 27
436409439 760242938 29
436409439 760243319 27
436409439 760243417 27
436409439 760243527 27
436409439 760243587 27
436409439 807051501 146
436409439 807051581 79
436409439 807051831 27
436409439 807051851 27
436409439 807052171 27
436409439 807052191 28
436409439 807052210 28
436409439 807052380 27
436409439 807052420 27
436409439 807052770 28
436409439 807052820 27
436409439 820743455 28
436409439 820743465 28
436409439 820743515 44
436409439 820905197 27
436409439 820905217 27
436409439 820905567 27
436409439 820905747 163
436409439 820905767 27
436409439 820905977 27
436409439 824038961 365
436409439 824038987 364
436409439 824039126 364
436409439 824039260 364
436409439 824039471 368
436409439 824039484 364
436409439 824039761 364
436409439 824039851 539
436409439 824039875 368
436409439 824040039 364
436409439 824040125 364
436409439 824040515 364
436409439 824040951 369
436409439 930626766 59
436409439 930626866 50
436409439 930626886 125
436409439 930626996 30
436409439 930627026 27
436409439 930627036 28
436409439 930627176 27
436409439 930627196 28
436409439 930627486 27
436409439 930627496 27
436409439 930627616 106
436409439 930627746 28
436409439 930627836 27
436409439 936423854 28
436409439 949601179 28
436409439 968561617 27
436409439 979517098 27
667852635 674810554 0
667852635 685509613 365
667852635 760241947 1
667852635 760241994 0
667852635 760242017 0
667852635 760242040 2
667852635 760242166 1
667852635 760242333 0
667852635 760242399 0
667852635 760242444 0
667852635 760242670 1
667852635 760242890 0
667852635 760242914 0
667852635 760242938 2
667852635 760243319 0
667852635 760243417 0
667852635 760243527 0
667852635 760243587 0
667852635 807051501 124
667852635 807051581 53
667852635 807051831 0
667852635 807051851 0
667852635 807052171 0
667852635 807052191 1
667852635 807052210 1
667852635 807052380 0
667852635 807052420 0
667852635 807052770 1
667852635 807052820 0
667852635 820743455 1
667852635 820743465 1
667852635 820743515 17
667852635 820905197 0
667852635 820905217 0
667852635 820905567 0
667852635 820905747 142
667852635 820905767 0
667852635 820905977 0
667852635 824038961 354
667852635 824038987 353
667852635 824039126 353
667852635 824039260 353
667852635 824039471 357
667852635 824039484 353
667852635 824039761 353
667852635 824039851 530
667852635 824039875 357
667852635 824040039 353
667852635 824040125 353
667852635 824040515 353
667852635 824040951 358
667852635 930626766 36
667852635 930626866 24
667852635 930626886 102
667852635 930626996 3
667852635 930627026 0
667852635 930627036 1
667852635 930627176 0
667852635 930627196 1
667852635 930627486 0
667852635 930627496 0
667852635 930627616 81
667852635 930627746 1
667852635 930627836 0
667852635 936423854 1
667852635 949601179 1
667852635 968561617 0
667852635 979517098 0
674810554 685509613 365
674810554 760241947 1
674810554 760241994 0
674810554 760242017 0
674810554 760242040 2
674810554 760242166 1
674810554 760242333 0
674810554 760242399 0
674810554 760242444 0
674810554 760242670 1
674810554 760242890 0
674810554 760242914 0
674810554 760242938 2
674810554 760243319 0
674810554 760243417 0
674810554 760243527 0
674810554 760243587 0
674810554 807051501 124
674810554 807051581 53
674810554 807051831 0
674810554 807051851 0
674810554 807052171 0
674810554 807052191 1
674810554 807052210 1
674810554 807052380 0
674810554 807052420 0
674810554 807052770 1
674810554 807052820 0
674810554 820743455 1
674810554 820743465 1
674810554 820743515 17
674810554 820905197 0
674810554 820905217 0
674810554 820905567 0
674810554 820905747 142
674810554 820905767 0
674810554 820905977 0
674810554 824038961 354
674810554 824038987 353
674810554 824039126 353
674810554 824039260 353
674810554 824039471 357
674810554 824039484 353
674810554 824039761 353
674810554 824039851 530
674810554 824039875 357
674810554 824040039 353
674810554 824040125 353
674810554 824040515 353
674810554 824040951 358
674810554 930626766 36
674810554 930626866 24
674810554 930626886 102
674810554 930626996 3
674810554 930627026 0
674810554 930627036 1
674810554 930627176 0
674810554 930627196 1
674810554 930627486 0
674810554 930627496 0
674810554 930627616 81
674810554 930627746 1
674810554 930627836 0
674810554 936423854 1
674810554 949601179 1
674810554 968561617 0
674810554 979517098 0
685509613 760241947 366
685509613 760241994 365
685509613 760242017 365
685509613 760242040 366
685509613 760242166 365
685509613 760242333 365
685509613 760242399 365
685509613 760242444 365
685509613 760242670 365
685509613 760242890 365
685509613 760242914 365
685509613 760242938 367
685509613 760243319 365
685509613 760243417 365
685509613 760243527 365
685509613 760243587 365
685509613 807051501 387
685509613 807051581 367
685509613 807051831 365
685509613 807051851 365
685509613 807052171 365
685509613 807052191 366
685509613 807052210 365
685509613 807052380 365
685509613 807052420 365
685509613 807052770 366
685509613 807052820 365
685509613 820743455 366
685509613 820743465 365
685509613 820743515 374
685509613 820905197 365
685509613 820905217 365
685509613 820905567 365
685509613 820905747 368
685509613 820905767 365
685509613 820905977 365
685509613 824038961 17
685509613 824038987 16
685509613 824039126 16
685509613 824039260 16
685509613 824039471 20
685509613 824039484 16
685509613 824039761 16
685509613 824039851 190
685509613 824039875 20
685509613 824040039 16
685509613 824040125 16
685509613 824040515 17
685509613 824040951 21
685509613 930626766 366
685509613 930626866 369
685509613 930626886 367
685509613 930626996 368
685509613 930627026 365
685509613 930627036 366
685509613 930627176 365
685509613 930627196 366
685509613 930627486 365
685509613 930627496 365
685509613 930627616 409
685509613 930627746 365
685509613 930627836 365
685509613 936423854 366
685509613 949601179 366
685509613 968561617 365
685509613 979517098 365
760241947 760241994 1
760241947 760242017 1
760241947 760242040 3
760241947 760242166 2
760241947 760242333 1
760241947 760242399 1
760241947 760242444 1
760241947 760242670 2
760241947 760242890 1
760241947 760242914 1
760241947 760242938 3
760241947 760243319 1
760241947 760243417 1
760241947 760243527 1
760241947 760243587 1
760241947 807051501 125
760241947 807051581 54
760241947 807051831 1
760241947 807051851 1
760241947 807052171 1
760241947 807052191 2
760241947 807052210 2
760241947 807052380 1
760241947 807052420 1
760241947 807052770 2
760241947 807052820 1
760241947 820743455 2
760241947 820743465 2
760241947 820743515 18
760241947 820905197 1
760241947 820905217 1
760241947 820905567 1
760241947 820905747 143
760241947 820905767 1
760241947 820905977 1
760241947 824038961 355
760241947 824038987 354
760241947 824039126 354
760241947 824039260 354
760241947 824039471 358
760241947 824039484 354
760241947 824039761 354
760241947 824039851 531
760241947 824039875 358
760241947 824040039 354
760241947 824040125 354
760241947 824040515 354
760241947 824040951 359
760241947 930626766 37
760241947 930626866 25
760241947 930626886 103
760241947 930626996 4
760241947 930627026 1
760241947 930627036 2
760241947 930627176 1
760241947 930627196 2
760241947 930627486 1
760241947 930627496 1
760241947 930627616 82
760241947 930627746 2
760241947 930627836 1
760241947 936423854 2
760241947 949601179 2
760241947 968561617 1
760241947 979517098 1
760241994 760242017 0
760241994 760242040 2
760241994 760242166 1
760241994 760242333 0
760241994 760242399 0
760241994 760242444 0
760241994 760242670 1
760241994 760242890 0
760241994 760242914 0
760241994 760242938 2
760241994 760243319 0
760241994 760243417 0
760241994 760243527 0
760241994 760243587 0
760241994 807051501 124
760241994 807051581 53
760241994 807051831 0
760241994 807051851 0
760241994 807052171 0
760241994 807052191 1
760241994 807052210 1
760241994 807052380 0
760241994 807052420 0
760241994 807052770 1
760241994 807052820 0
760241994 820743455 1
760241994 820743465 1
760241994 820743515 17
760241994 820905197 0
760241994 820905217 0
760241994 820905567 0
760241994 820905747 142
760241994 820905767 0
760241994 820905977 0
760241994 824038961 354
760241994 824038987 353
760241994 824039126 353
760241994 824039260 353
760241994 824039471 357
760241994 824039484 353
760241994 824039761 353
760241994 824039851 530
760241994 824039875 357
760241994 824040039 353
760241994 824040125 353
760241994 824040515 353
760241994 824040951 358
760241994 930626766 36
760241994 930626866 24
760241994 930626886 102
760241994 930626996 3
760241994 930627026 0
760241994 930627036 1
760241994 930627176 0
760241994 930627196 1
760241994 930627486 0
760241994 930627496 0
760241994 930627616 81
760241994 930627746 1
760241994 930627836 0
760241994 936423854 1
760241994 949601179 1
760241994 968561617 0
760241994 979517098 0
760242017 760242040 2
760242017 760242166 1
760242017 760242333 0
760242017 760242399 0
760242017 760242444 0
760242017 760242670 1
760242017 760242890 0
760242017 760242914 0
760242017 760242938 2
760242017 760243319 0
760242017 760243417 0
760242017 760243527 0
760242017 760243587 0
760242017 807051501 124
760242017 807051581 53
760242017 807051831 0
760242017 807051851 0
760242017 807052171 0
760242017 807052191 1
760242017 807052210 1
760242017 807052380 0
760242017 807052420 0
760242017 807052770 1
760242017 807052820 0
760242017 820743455 1
760242017 820743465 1
760242017 820743515 17
760242017 820905197 0
760242017 820905217 0
760242017 820905567 0
760242017 820905747 142
760242017 820905767 0
760242017 820905977 0
760242017 824038961 354
760242017 824038987 353
760242017 824039126 353
760242017 824039260 353
760242017 824039471 357
760242017 824039484 353
760242017 824039761 353
760242017 824039851 530
760242017 824039875 357
760242017 824040039 353
760242017 824040125 353
760242017 824040515 353
760242017 824040951 358
760242017 930626766 36
760242017 930626866 24
760242017 930626886 102
760242017 930626996 3
760242017 930627026 0
760242017 930627036 1
760242017 930627176 0
760242017 930627196 1
760242017 930627486 0
760242017 930627496 0
760242017 930627616 81
760242017 930627746 1
760242017 930627836 0
760242017 936423854 1
760242017 949601179 1
760242017 968561617 0
760242017 979517098 0
760242040 760242166 3
760242040 760242333 2
760242040 760242399 2
760242040 760242444 2
760242040 760242670 3
760242040 760242890 2
760242040 760242914 2
760242040 760242938 4
760242040 760243319 2
760242040 760243417 2
760242040 760243527 2
760242040 760243587 2
760242040 807051501 126
760242040 807051581 55
760242040 807051831 2
760242040 807051851 2
760242040 807052171 2
760242040 807052191 3
760242040 807052210 1
760242040 807052380 2
760242040 807052420 2
760242040 807052770 3
760242040 807052820 2
760242040 820743455 3
760242040 820743465 3
760242040 820743515 19
760242040 820905197 2
760242040 820905217 2
760242040 820905567 2
760242040 820905747 144
760242040 820905767 2
760242040 820905977 2
760242040 824038961 355
760242040 824038987 354
760242040 824039126 354
760242040 824039260 354
760242040 824039471 358
760242040 824039484 354
760242040 824039761 354
760242040 824039851 531
760242040 824039875 358
760242040 824040039 354
760242040 824040125 354
760242040 824040515 354
760242040 824040951 359
760242040 930626766 38
760242040 930626866 26
760242040 930626886 104
760242040 930626996 5
760242040 930627026 2
760242040 930627036 3
760242040 930627176 2
760242040 930627196 3
760242040 930627486 2
760242040 930627496 2
760242040 930627616 83
760242040 930627746 3
760242040 930627836 2
760242040 936423854 3
760242040 949601179 3
760242040 968561617 2
760242040 979517098 2
760242166 760242333 1
760242166 760242399 1
760242166 760242444 1
760242166 760242670 2
760242166 760242890 1
760242166 760242914 1
760242166 760242938 3
760242166 760243319 1
760242166 760243417 1
760242166 760243527 1
760242166 760243587 1
760242166 807051501 125
760242166 807051581 54
760242166 807051831 1
760242166 807051851 1
760242166 807052171 1
760242166 807052191 2
760242166 807052210 2
760242166 807052380 1
760242166 807052420 1
760242166 807052770 2
760242166 807052820 1
760242166 820743455 2
760242166 820743465 2
760242166 820743515 18
760242166 820905197 1
760242166 820905217 1
760242166 820905567 1
760242166 820905747 143
760242166 820905767 1
760242166 820905977 1
760242166 824038961 354
760242166 824038987 353
760242166 824039126 353
760242166 824039260 353
760242166 824039471 357
760242166 824039484 353
760242166 824039761 353
760242166 824039851 530
760242166 824039875 357
760242166 824040039 353
760242166 824040125 353
760242166 824040515 353
760242166 824040951 358
760242166 930626766 37
760242166 930626866 25
760242166 930626886 103
760242166 930626996 4
760242166 930627026 1
760242166 930627036 2
760242166 930627176 1
760242166 930627196 2
760242166 930627486 1
760242166 930627496 1
760242166 930627616 82
760242166 930627746 2
760242166 930627836 1
760242166 936423854 2
760242166 949601179 2
760242166 968561617 1
760242166 979517098 1
760242333 760242399 0
760242333 760242444 0
760242333 760242670 1
760242333 760242890 0
760242333 760242914 0
760242333 760242938 2
760242333 760243319 0
760242333 760243417 0
760242333 760243527 0
760242333 760243587 0
760242333 807051501 124
760242333 807051581 53
760242333 807051831 0
760242333 807051851 0
760242333 807052171 0
760242333 807052191 1
760242333 807052210 1
760242333 807052380 0
760242333 807052420 0
760242333 807052770 1
760242333 807052820 0
760242333 820743455 1
760242333 820743465 1
760242333 820743515 17
760242333 820905197 0
760242333 820905217 0
760242333 820905567 0
760242333 820905747 142
760242333 820905767 0
760242333 820905977 0
760242333 824038961 354
760242333 824038987 353
760242333 824039126 353
760242333 824039260 353
760242333 824039471 357
760242333 824039484 353
760242333 824039761 353
760242333 824039851 530
760242333 824039875 357
760242333 824040039 353
760242333 824040125 353
760242333 824040515 353
760242333 824040951 358
760242333 930626766 36
760242333 930626866 24
760242333 930626886 102
760242333 930626996 3
760242333 930627026 0
760242333 930627036 1
760242333 930627176 0
760242333 930627196 1
760242333 930627486 0
760242333 930627496 0
760242333 930627616 81
760242333 930627746 1
760242333 930627836 0
760242333 936423854 1
760242333 949601179 1
760242333 968561617 0
760242333 979517098 0
760242399 760242444 0
760242399 760242670 1
760242399 760242890 0
760242399 760242914 0
760242399 760242938 2
760242399 760243319 0
760242399 760243417 0
760242399 760243527 0
760242399 760243587 0
760242399 807051501 124
760242399 807051581 53
760242399 807051831 0
760242399 807051851 0
760242399 807052171 0
760242399 807052191 1
760242399 807052210 1
760242399 807052380 0
760242399 807052420 0
760242399 807052770 1
760242399 807052820 0
760242399 820743455 1
760242399 820743465 1
760242399 820743515 17
760242399 820905197 0
760242399 820905217 0
760242399 820905567 0
760242399 820905747 142
760242399 820905767 0
760242399 820905977 0
760242399 824038961 354
760242399 824038987 353
760242399 824039126 353
760242399 824039260 353
760242399 824039471 357
760242399 824039484 353
760242399 824039761 353
760242399 824039851 530
760242399 824039875 357
760242399 824040039 353
760242399 824040125 353
760242399 824040515 353
760242399 824040951 358
760242399 930626766 36
760242399 930626866 24
760242399 930626886 102
760242399 930626996 3
760242399 930627026 0
760242399 930627036 1
760242399 930627176 0
760242399 930627196 1
760242399 930627486 0
760242399 930627496 0
760242399 930627616 81
760242399 930627746 1
760242399 930627836 0
760242399 936423854 1
760242399 949601179 1
760242399 968561617 0
760242399 979517098 0
760242444 760242670 1
760242444 760242890 0
760242444 760242914 0
760242444 760242938 2
760242444 760243319 0
760242444 760243417 0
760242444 760243527 0
760242444 760243587 0
760242444 807051501 124
760242444 807051581 53
760242444 807051831 0
760242444 807051851 0
760242444 807052171 0
760242444 807052191 1
760242444 807052210 1
760242444 807052380 0
760242444 807052420 0
760242444 807052770 1
760242444 807052820 0
760242444 820743455 1
760242444 820743465 1
760242444 820743515 17
760242444 820905197 0
760242444 820905217 0
760242444 820905567 0
760242444 820905747 142
760242444 820905767 0
760242444 820905977 0
760242444 824038961 354
760242444 824038987 353
760242444 824039126 353
760242444 824039260 353
760242444 824039471 357
760242444 824039484 353
760242444 824039761 353
760242444 824039851 530
760242444 824039875 357
760242444 824040039 353
760242444 824040125 353
760242444 824040515 353
760242444 824040951 358
760242444 930626766 36
760242444 930626866 24
760242444 930626886 102
760242444 930626996 3
760242444 930627026 0
760242444 930627036 1
760242444 930627176 0
760242444 930627196 1
760242444 930627486 0
760242444 930627496 0
760242444 930627616 81
760242444 930627746 1
760242444 930627836 0
760242444 936423854 1
760242444 949601179 1
760242444 968561617 0
760242444 979517098 0
760242670 760242890 1
760242670 760242914 1
760242670 760242938 3
760242670 760243319 1
760242670 760243417 1
760242670 760243527 1
760242670 760243587 1
760242670 807051501 125
760242670 807051581 54
760242670 807051831 1
760242670 807051851 1
760242670 807052171 1
760242670 807052191 2
760242670 807052210 2
760242670 807052380 1
760242670 807052420 1
760242670 807052770 2
760242670 807052820 1
760242670 820743455 2
760242670 820743465 2
760242670 820743515 18
760242670 820905197 1
760242670 820905217 1
760242670 820905567 1
760242670 820905747 143
760242670 820905767 1
760242670 820905977 1
760242670 824038961 354
760242670 824038987 353
760242670 824039126 353
760242670 824039260 353
760242670 824039471 357
760242670 824039484 353
760242670 824039761 353
760242670 824039851 530
760242670 824039875 357
760242670 824040039 353
760242670 824040125 353
760242670 824040515 353
760242670 824040951 358
760242670 930626766 37
760242670 930626866 25
760242670 930626886 103
760242670 930626996 4
760242670 930627026 1
760242670 930627036 2
760242670 930627176 1
760242670 930627196 2
760242670 930627486 1
760242670 930627496 1
760242670 930627616 82
760242670 930627746 2
760242670 930627836 1
760242670 936423854 2
760242670 949601179 2
760242670 968561617 1
760242670 979517098 1
760242890 760242914 0
760242890 760242938 2
760242890 760243319 0
760242890 760243417 0
760242890 760243527 0
760242890 760243587 0
760242890 807051501 124
760242890 807051581 53
760242890 807051831 0
760242890 807051851 0
760242890 807052171 0
760242890 807052191 1
760242890 807052210 1
760242890 807052380 0
760242890 807052420 0
760242890 807052770 1
760242890 807052820 0
760242890 820743455 1
760242890 820743465 1
760242890 820743515 17
760242890 820905197 0
760242890 820905217 0
760242890 820905567 0
760242890 820905747 142
760242890 820905767 0
760242890 820905977 0
760242890 824038961 354
760242890 824038987 353
760242890 824039126 353
760242890 824039260 353
760242890 824039471 357
760242890 824039484 353
760242890 824039761 353
760242890 824039851 530
760242890 824039875 357
760242890 824040039 353
760242890 824040125 353
760242890 824040515 353
760242890 824040951 358
760242890 930626766 36
760242890 930626866 24
760242890 930626886 102
760242890 930626996 3
760242890 930627026 0
760242890 930627036 1
760242890 930627176 0
760242890 930627196 1
760242890 930627486 0
760242890 930627496 0
760242890 930627616 81
760242890 930627746 1
760242890 930627836 0
760242890 936423854 1
760242890 949601179 1
760242890 968561617 0
760242890 979517098 0
760242914 760242938 2
760242914 760243319 0
760242914 760243417 0
760242914 760243527 0
760242914 760243587 0
760242914 807051501 124
760242914 807051581 53
760242914 807051831 0
760242914 807051851 0
760242914 807052171 0
760242914 807052191 1
760242914 807052210 1
760242914 807052380 0
760242914 807052420 0
760242914 807052770 1
760242914 807052820 0
760242914 820743455 1
760242914 820743465 1
760242914 820743515 17
760242914 820905197 0
760242914 820905217 0
760242914 820905567 0
760242914 820905747 142
760242914 820905767 0
760242914 820905977 0
760242914 824038961 354
760242914 824038987 353
760242914 824039126 353
760242914 824039260 353
760242914 824039471 357
760242914 824039484 353
760242914 824039761 353
760242914 824039851 530
760242914 824039875 357
760242914 824040039 353
760242914 824040125 353
760242914 824040515 353
760242914 824040951 358
760242914 930626766 36
760242914 930626866 24
760242914 930626886 102
760242914 930626996 3
760242914 930627026 0
760242914 930627036 1
760242914 930627176 0
760242914 930627196 1
760242914 930627486 0
760242914 930627496 0
760242914 930627616 81
760242914 930627746 1
760242914 930627836 0
760242914 936423854 1
760242914 949601179 1
760242914 968561617 0
760242914 979517098 0
760242938 760243319 2
760242938 760243417 2
760242938 760243527 2
760242938 760243587 2
760242938 807051501 126
760242938 807051581 55
760242938 807051831 2
760242938 807051851 2
760242938 807052171 2
760242938 807052191 3
760242938 807052210 3
760242938 807052380 2
760242938 807052420 2
760242938 807052770 3
760242938 807052820 2
760242938 820743455 3
760242938 820743465 3
760242938 820743515 18
760242938 820905197 2
760242938 820905217 2
760242938 820905567 2
760242938 820905747 144
760242938 820905767 2
760242938 820905977 2
760242938 824038961 356
760242938 824038987 355
760242938 824039126 355
760242938 824039260 355
760242938 824039471 359
760242938 824039484 355
760242938 824039761 355
760242938 824039851 532
760242938 824039875 359
760242938 824040039 355
760242938 824040125 355
760242938 824040515 355
760242938 824040951 360
760242938 930626766 38
760242938 930626866 26
760242938 930626886 104
760242938 930626996 5
760242938 930627026 2
760242938 930627036 3
760242938 930627176 2
760242938 930627196 3
760242938 930627486 2
760242938 930627496 2
760242938 930627616 83
760242938 930627746 3
760242938 930627836 2
760242938 936423854 3
760242938 949601179 3
760242938 968561617 2
760242938 979517098 2
760243319 760243417 0
760243319 760243527 0
760243319 760243587 0
760243319 807051501 124
760243319 807051581 53
760243319 807051831 0
760243319 807051851 0
760243319 807052171 0
760243319 807052191 1
760243319 807052210 1
760243319 807052380 0
760243319 807052420 0
760243319 807052770 1
760243319 807052820 0
760243319 820743455 1
760243319 820743465 1
760243319 820743515 17
760243319 820905197 0
760243319 820905217 0
760243319 820905567 0
760243319 820905747 142
760243319 820905767 0
760243319 820905977 0
760243319 824038961 354
760243319 824038987 353
760243319 824039126 353
760243319 824039260 353
760243319 824039471 357
760243319 824039484 353
760243319 824039761 353
760243319 824039851 530
760243319 824039875 357
760243319 824040039 353
760243319 824040125 353
760243319 824040515 353
760243319 824040951 358
760243319 930626766 36
760243319 930626866 24
760243319 930626886 102
760243319 930626996 3
760243319 930627026 0
760243319 930627036 1
760243319 930627176 0
760243319 930627196 1
760243319 930627486 0
760243319 930627496 0
760243319 930627616 81
760243319 930627746 1
760243319 930627836 0
760243319 936423854 1
760243319 949601179 1
760243319 968561617 0
760243319 979517098 0
760243417 760243527 0
760243417 760243587 0
760243417 807051501 124
760243417 807051581 53
760243417 807051831 0
760243417 807051851 0
760243417 807052171 0
760243417 807052191 1
760243417 807052210 1
760243417 807052380 0
760243417 807052420 0
760243417 807052770 1
760243417 807052820 0
760243417 820743455 1
760243417 820743465 1
760243417 820743515 17
760243417 820905197 0
760243417 820905217 0
760243417 820905567 0
760243417 820905747 142
760243417 820905767 0
760243417 820905977 0
760243417 824038961 354
760243417 824038987 353
760243417 824039126 353
760243417 824039260 353
760243417 824039471 357
760243417 824039484 353
760243417 824039761 353
760243417 824039851 530
760243417 824039875 357
760243417 824040039 353
760243417 824040125 353
760243417 824040515 353
760243417 824040951 358
760243417 930626766 36
760243417 930626866 24
760243417 930626886 102
760243417 930626996 3
760243417 930627026 0
760243417 930627036 1
760243417 930627176 0
760243417 930627196 1
760243417 930627486 0
760243417 930627496 0
760243417 930627616 81
760243417 930627746 1
760243417 930627836 0
760243417 936423854 1
760243417 949601179 1
760243417 968561617 0
760243417 979517098 0
760243527 760243587 0
760243527 807051501 124
760243527 807051581 53
760243527 807051831 0
760243527 807051851 0
760243527 807052171 0
760243527 807052191 1
760243527 807052210 1
760243527 807052380 0
760243527 807052420 0
760243527 807052770 1
760243527 807052820 0
760243527 820743455 1
760243527 820743465 1
760243527 820743515 17
760243527 820905197 0
760243527 820905217 0
760243527 820905567 0
760243527 820905747 142
760243527 820905767 0
760243527 820905977 0
760243527 824038961 354
760243527 824038987 353
760243527 824039126 353
760243527 824039260 353
760243527 824039471 357
760243527 824039484 353
760243527 824039761 353
760243527 824039851 530
760243527 824039875 357
760243527 824040039 353
760243527 824040125 353
760243527 824040515 353
760243527 824040951 358
760243527 930626766 36
760243527 930626866 24
760243527 930626886 102
760243527 930626996 3
760243527 930627026 0
760243527 930627036 1
760243527 930627176 0
760243527 930627196 1
760243527 930627486 0
760243527 930627496 0
760243527 930627616 81
760243527 930627746 1
760243527 930627836 0
760243527 936423854 1
760243527 949601179 1
760243527 968561617 0
760243527 979517098 0
760243587 807051501 124
760243587 807051581 53
760243587 807051831 0
760243587 807051851 0
760243587 807052171 0
760243587 807052191 1
760243587 807052210 1
760243587 807052380 0
760243587 807052420 0
760243587 807052770 1
760243587 807052820 0
760243587 820743455 1
760243587 820743465 1
760243587 820743515 17
760243587 820905197 0
760243587 820905217 0
760243587 820905567 0
760243587 820905747 142
760243587 820905767 0
760243587 820905977 0
760243587 824038961 354
760243587 824038987 353
760243587 824039126 353
760243587 824039260 353
760243587 824039471 357
760243587 824039484 353
760243587 824039761 353
760243587 824039851 530
760243587 824039875 357
760243587 824040039 353
760243587 824040125 353
760243587 824040515 353
760243587 824040951 358
760243587 930626766 36
760243587 930626866 24
760243587 930626886 102
760243587 930626996 3
760243587 930627026 0
760243587 930627036 1
760243587 930627176 0
760243587 930627196 1
760243587 930627486 0
760243587 930627496 0
760243587 930627616 81
760243587 930627746 1
760243587 930627836 0
760243587 936423854 1
760243587 949601179 1
760243587 968561617 0
760243587 979517098 0
807051501 807051581 121
807051501 807051831 124
807051501 807051851 124
807051501 807052171 124
807051501 807052191 125
807051501 807052210 125
807051501 807052380 124
807051501 807052420 124
807051501 807052770 125
807051501 807052820 124
807051501 820743455 125
807051501 820743465 125
807051501 820743515 141
807051501 820905197 124
807051501 820905217 124
807051501 820905567 124
807051501 820905747 58
807051501 820905767 124
807051501 820905977 124
807051501 824038961 374
807051501 824038987 373
807051501 824039126 373
807051501 824039260 373
807051501 824039471 377
807051501 824039484 373
807051501 824039761 373
807051501 824039851 510
807051501 824039875 377
807051501 824040039 373
807051501 824040125 373
807051501 824040515 373
807051501 824040951 378
807051501 930626766 92
807051501 930626866 108
807051501 930626886 218
807051501 930626996 127
807051501 930627026 124
807051501 930627036 125
807051501 930627176 124
807051501 930627196 125
807051501 930627486 124
807051501 930627496 124
807051501 930627616 205
807051501 930627746 123
807051501 930627836 124
807051501 936423854 125
807051501 949601179 125
807051501 968561617 124
807051501 979517098 124
807051581 807051831 53
807051581 807051851 53
807051581 807052171 53
807051581 807052191 54
807051581 807052210 54
807051581 807052380 53
807051581 807052420 53
807051581 807052770 54
807051581 807052820 53
807051581 820743455 54
807051581 820743465 54
807051581 820743515 70
807051581 820905197 53
807051581 820905217 53
807051581 820905567 53
807051581 820905747 139
807051581 820905767 53
807051581 820905977 53
807051581 824038961 354
807051581 824038987 353
807051581 824039126 353
807051581 824039260 353
807051581 824039471 357
807051581 824039484 353
807051581 824039761 353
807051581 824039851 530
807051581 824039875 357
807051581 824040039 353
807051581 824040125 353
807051581 824040515 353
807051581 824040951 358
807051581 930626766 89
807051581 930626866 41
807051581 930626886 155
807051581 930626996 56
807051581 930627026 53
807051581 930627036 54
807051581 930627176 53
807051581 930627196 54
807051581 930627486 53
807051581 930627496 53
807051581 930627616 134
807051581 930627746 54
807051581 930627836 53
807051581 936423854 54
807051581 949601179 54
807051581 968561617 53
807051581 979517098 53
807051831 807051851 0
807051831 807052171 0
807051831 807052191 1
807051831 807052210 1
807051831 807052380 0
807051831 807052420 0
807051831 807052770 1
807051831 807052820 0
807051831 820743455 1
807051831 820743465 1
807051831 820743515 17
807051831 820905197 0
807051831 820905217 0
807051831 820905567 0
807051831 820905747 142
807051831 820905767 0
807051831 820905977 0
807051831 824038961 354
807051831 824038987 353
807051831 824039126 353
807051831 824039260 353
807051831 824039471 357
807051831 824039484 353
807051831 824039761 353
807051831 824039851 530
807051831 824039875 357
807051831 824040039 353
807051831 824040125 353
807051831 824040515 353
807051831 824040951 358
807051831 930626766 36
807051831 930626866 24
807051831 930626886 102
807051831 930626996 3
807051831 930627026 0
807051831 930627036 1
807051831 930627176 0
807051831 930627196 1
807051831 930627486 0
807051831 930627496 0
807051831 930627616 81
807051831 930627746 1
807051831 930627836 0
807051831 936423854 1
807051831 949601179 1
807051831 968561617 0
807051831 979517098 0
807051851 807052171 0
807051851 807052191 1
807051851 807052210 1
807051851 807052380 0
807051851 807052420 0
807051851 807052770 1
807051851 807052820 0
807051851 820743455 1
807051851 820743465 1
807051851 820743515 17
807051851 820905197 0
807051851 820905217 0
807051851 820905567 0
807051851 820905747 142
807051851 820905767 0
807051851 820905977 0
807051851 824038961 354
807051851 824038987 353
807051851 824039126 353
807051851 824039260 353
807051851 824039471 357
807051851 824039484 353
807051851 824039761 353
807051851 824039851 530
807051851 824039875 357
807051851 824040039 353
807051851 824040125 353
807051851 824040515 353
807051851 824040951 358
807051851 930626766 36
807051851 930626866 24
807051851 930626886 102
807051851 930626996 3
807051851 930627026 0
807051851 930627036 1
807051851 930627176 0
807051851 930627196 1
807051851 930627486 0
807051851 930627496 0
807051851 930627616 81
807051851 930627746 1
807051851 930627836 0
807051851 936423854 1
807051851 949601179 1
807051851 968561617 0
807051851 979517098 0
807052171 807052191 1
807052171 807052210 1
807052171 807052380 0
807052171 807052420 0
807052171 807052770 1
807052171 807052820 0
807052171 820743455 1
807052171 820743465 1
807052171 820743515 17
807052171 820905197 0
807052171 820905217 0
807052171 820905567 0
807052171 820905747 142
807052171 820905767 0
807052171 820905977 0
807052171 824038961 354
807052171 824038987 353
807052171 824039126 353
807052171 824039260 353
807052171 824039471 357
807052171 824039484 353
807052171 824039761 353
807052171 824039851 530
807052171 824039875 357
807052171 824040039 353
807052171 824040125 353
807052171 824040515 353
807052171 824040951 358
807052171 930626766 36
807052171 930626866 24
807052171 930626886 102
807052171 930626996 3
807052171 930627026 0
807052171 930627036 1
807052171 930627176 0
807052171 930627196 1
807052171 930627486 0
807052171 930627496 0
807052171 930627616 81
807052171 930627746 1
807052171 930627836 0
807052171 936423854 1
807052171 949601179 1
807052171 968561617 0
807052171 979517098 0
807052191 807052210 2
807052191 807052380 1
807052191 807052420 1
807052191 807052770 2
807052191 807052820 1
807052191 820743455 2
807052191 820743465 2
807052191 820743515 17
807052191 820905197 1
807052191 820905217 1
807052191 820905567 1
807052191 820905747 143
807052191 820905767 1
807052191 820905977 1
807052191 824038961 355
807052191 824038987 354
807052191 824039126 354
807052191 824039260 354
807052191 824039471 358
807052191 824039484 354
807052191 824039761 354
807052191 824039851 531
807052191 824039875 358
807052191 824040039 354
807052191 824040125 354
807052191 824040515 354
807052191 824040951 359
807052191 930626766 37
807052191 930626866 25
807052191 930626886 103
807052191 930626996 4
807052191 930627026 1
807052191 930627036 2
807052191 930627176 1
807052191 930627196 2
807052191 930627486 1
807052191 930627496 1
807052191 930627616 82
807052191 930627746 2
807052191 930627836 1
807052191 936423854 2
807052191 949601179 2
807052191 968561617 1
807052191 979517098 1
807052210 807052380 1
807052210 807052420 1
807052210 807052770 2
807052210 807052820 1
807052210 820743455 2
807052210 820743465 2
807052210 820743515 18
807052210 820905197 1
807052210 820905217 1
807052210 820905567 1
807052210 820905747 143
807052210 820905767 1
807052210 820905977 1
807052210 824038961 354
807052210 824038987 353
807052210 824039126 353
807052210 824039260 353
807052210 824039471 357
807052210 824039484 353
807052210 824039761 353
807052210 824039851 530
807052210 824039875 357
807052210 824040039 353
807052210 824040125 353
807052210 824040515 353
807052210 824040951 358
807052210 930626766 37
807052210 930626866 25
807052210 930626886 103
807052210 930626996 4
807052210 930627026 1
807052210 930627036 2
807052210 930627176 1
807052210 930627196 2
807052210 930627486 1
807052210 930627496 1
807052210 930627616 82
807052210 930627746 2
807052210 930627836 1
807052210 936423854 2
807052210 949601179 2
807052210 968561617 1
807052210 979517098 1
807052380 807052420 0
807052380 807052770 1
807052380 807052820 0
807052380 820743455 1
807052380 820743465 1
807052380 820743515 17
807052380 820905197 0
807052380 820905217 0
807052380 820905567 0
807052380 820905747 142
807052380 820905767 0
807052380 820905977 0
807052380 824038961 354
807052380 824038987 353
807052380 824039126 353
807052380 824039260 353
807052380 824039471 357
807052380 824039484 353
807052380 824039761 353
807052380 824039851 530
807052380 824039875 357
807052380 824040039 353
807052380 824040125 353
807052380 824040515 353
807052380 824040951 358
807052380 930626766 36
807052380 930626866 24
807052380 930626886 102
807052380 930626996 3
807052380 930627026 0
807052380 930627036 1
807052380 930627176 0
807052380 930627196 1
807052380 930627486 0
807052380 930627496 0
807052380 930627616 81
807052380 930627746 1
807052380 930627836 0
807052380 936423854 1
807052380 949601179 1
807052380 968561617 0
807052380 979517098 0
807052420 807052770 1
807052420 807052820 0
807052420 820743455 1
807052420 820743465 1
807052420 820743515 17
807052420 820905197 0
807052420 820905217 0
807052420 820905567 0
807052420 820905747 142
807052420 820905767 0
807052420 820905977 0
807052420 824038961 354
807052420 824038987 353
807052420 824039126 353
807052420 824039260 353
807052420 824039471 357
807052420 824039484 353
807052420 824039761 353
807052420 824039851 530
807052420 824039875 357
807052420 824040039 353
807052420 824040125 353
807052420 824040515 353
807052420 824040951 358
807052420 930626766 36
807052420 930626866 24
807052420 930626886 102
807052420 930626996 3
807052420 930627026 0
807052420 930627036 1
807052420 930627176 0
807052420 930627196 1
807052420 930627486 0
807052420 930627496 0
807052420 930627616 81
807052420 930627746 1
807052420 930627836 0
807052420 936423854 1
807052420 949601179 1
807052420 968561617 0
807052420 979517098 0
807052770 807052820 1
807052770 820743455 2
807052770 820743465 2
807052770 820743515 18
807052770 820905197 1
807052770 820905217 1
807052770 820905567 1
807052770 820905747 143
807052770 820905767 1
807052770 820905977 1
807052770 824038961 355
807052770 824038987 354
807052770 824039126 354
807052770 824039260 354
807052770 824039471 358
807052770 824039484 354
807052770 824039761 354
807052770 824039851 531
807052770 824039875 358
807052770 824040039 354
807052770 824040125 354
807052770 824040515 354
807052770 824040951 359
807052770 930626766 37
807052770 930626866 25
807052770 930626886 103
807052770 930626996 4
807052770 930627026 1
807052770 930627036 2
807052770 930627176 1
807052770 930627196 2
807052770 930627486 1
807052770 930627496 1
807052770 930627616 82
807052770 930627746 2
807052770 930627836 1
807052770 936423854 2
807052770 949601179 2
807052770 968561617 1
807052770 979517098 1
807052820 820743455 1
807052820 820743465 1
807052820 820743515 17
807052820 820905197 0
807052820 820905217 0
807052820 820905567 0
807052820 820905747 142
807052820 820905767 0
807052820 820905977 0
807052820 824038961 354
807052820 824038987 353
807052820 824039126 353
807052820 824039260 353
807052820 824039471 357
807052820 824039484 353
807052820 824039761 353
807052820 824039851 530
807052820 824039875 357
807052820 824040039 353
807052820 824040125 353
807052820 824040515 353
807052820 824040951 358
807052820 930626766 36
807052820 930626866 24
807052820 930626886 102
807052820 930626996 3
807052820 930627026 0
807052820 930627036 1
807052820 930627176 0
807052820 930627196 1
807052820 930627486 0
807052820 930627496 0
807052820 930627616 81
807052820 930627746 1
807052820 930627836 0
807052820 936423854 1
807052820 949601179 1
807052820 968561617 0
807052820 979517098 0
820743455 820743465 2
820743455 820743515 18
820743455 820905197 1
820743455 820905217 1
820743455 820905567 1
820743455 820905747 143
820743455 820905767 1
820743455 820905977 1
820743455 824038961 355
820743455 824038987 354
820743455 824039126 354
820743455 824039260 354
820743455 824039471 358
820743455 824039484 354
820743455 824039761 354
820743455 824039851 530
820743455 824039875 358
820743455 824040039 354
820743455 824040125 354
820743455 824040515 354
820743455 824040951 359
820743455 930626766 37
820743455 930626866 25
820743455 930626886 103
820743455 930626996 4
820743455 930627026 1
820743455 930627036 2
820743455 930627176 1
820743455 930627196 2
820743455 930627486 1
820743455 930627496 1
820743455 930627616 82
820743455 930627746 2
820743455 930627836 1
820743455 936423854 2
820743455 949601179 2
820743455 968561617 1
820743455 979517098 1
820743465 820743515 18
820743465 820905197 1
820743465 820905217 1
820743465 820905567 1
820743465 820905747 143
820743465 820905767 1
820743465 820905977 1
820743465 824038961 354
820743465 824038987 353
820743465 824039126 353
820743465 824039260 353
820743465 824039471 357
820743465 824039484 353
820743465 824039761 353
820743465 824039851 530
820743465 824039875 357
820743465 824040039 353
820743465 824040125 353
820743465 824040515 353
820743465 824040951 358
820743465 930626766 37
820743465 930626866 25
820743465 930626886 103
820743465 930626996 4
820743465 930627026 1
820743465 930627036 2
820743465 930627176 1
820743465 930627196 2
820743465 930627486 1
820743465 930627496 1
820743465 930627616 82
820743465 930627746 2
820743465 930627836 1
820743465 936423854 2
820743465 949601179 2
820743465 968561617 1
820743465 979517098 1
820743515 820905197 17
820743515 820905217 17
820743515 820905567 17
820743515 820905747 159
820743515 820905767 17
820743515 820905977 17
820743515 824038961 362
820743515 824038987 361
820743515 824039126 361
820743515 824039260 361
820743515 824039471 365
820743515 824039484 361
820743515 824039761 361
820743515 824039851 538
820743515 824039875 365
820743515 824040039 361
820743515 824040125 361
820743515 824040515 361
820743515 824040951 366
820743515 930626766 53
820743515 930626866 41
820743515 930626886 119
820743515 930626996 20
820743515 930627026 17
820743515 930627036 18
820743515 930627176 17
820743515 930627196 18
820743515 930627486 17
820743515 930627496 17
820743515 930627616 98
820743515 930627746 18
820743515 930627836 17
820743515 936423854 18
820743515 949601179 18
820743515 968561617 17
820743515 979517098 17
820905197 820905217 0
820905197 820905567 0
820905197 820905747 142
820905197 820905767 0
820905197 820905977 0
820905197 824038961 354
820905197 824038987 353
820905197 824039126 353
820905197 824039260 353
820905197 824039471 357
820905197 824039484 353
820905197 824039761 353
820905197 824039851 530
820905197 824039875 357
820905197 824040039 353
820905197 824040125 353
820905197 824040515 353
820905197 824040951 358
820905197 930626766 36
820905197 930626866 24
820905197 930626886 102
820905197 930626996 3
820905197 930627026 0
820905197 930627036 1
820905197 930627176 0
820905197 930627196 1
820905197 930627486 0
820905197 930627496 0
820905197 930627616 81
820905197 930627746 1
820905197 930627836 0
820905197 936423854 1
820905197 949601179 1
820905197 968561617 0
820905197 979517098 0
820905217 820905567 0
820905217 820905747 142
820905217 820905767 0
820905217 820905977 0
820905217 824038961 354
820905217 824038987 353
820905217 824039126 353
820905217 824039260 353
820905217 824039471 357
820905217 824039484 353
820905217 824039761 353
820905217 824039851 530
820905217 824039875 357
820905217 824040039 353
820905217 824040125 353
820905217 824040515 353
820905217 824040951 358
820905217 930626766 36
820905217 930626866 24
820905217 930626886 102
820905217 930626996 3
820905217 930627026 0
820905217 930627036 1
820905217 930627176 0
820905217 930627196 1
820905217 930627486 0
820905217 930627496 0
820905217 930627616 81
820905217 930627746 1
820905217 930627836 0
820905217 936423854 1
820905217 949601179 1
820905217 968561617 0
820905217 979517098 0
820905567 820905747 142
820905567 820905767 0
820905567 820905977 0
820905567 824038961 354
820905567 824038987 353
820905567 824039126 353
820905567 824039260 353
820905567 824039471 357
820905567 824039484 353
820905567 824039761 353
820905567 824039851 530
820905567 824039875 357
820905567 824040039 353
820905567 824040125 353
820905567 824040515 353
820905567 824040951 358
820905567 930626766 36
820905567 930626866 24
820905567 930626886 102
820905567 930626996 3
820905567 930627026 0
820905567 930627036 1
820905567 930627176 0
820905567 930627196 1
820905567 930627486 0
820905567 930627496 0
820905567 930627616 81
820905567 930627746 1
820905567 930627836 0
820905567 936423854 1
820905567 949601179 1
820905567 968561617 0
820905567 979517098 0
820905747 820905767 142
820905747 820905977 142
820905747 824038961 354
820905747 824038987 353
820905747 824039126 353
820905747 824039260 353
820905747 824039471 357
820905747 824039484 353
820905747 824039761 353
820905747 824039851 530
820905747 824039875 357
820905747 824040039 353
820905747 824040125 353
820905747 824040515 353
820905747 824040951 358
820905747 930626766 110
820905747 930626866 126
820905747 930626886 200
820905747 930626996 145
820905747 930627026 142
820905747 930627036 143
820905747 930627176 142
820905747 930627196 143
820905747 930627486 142
820905747 930627496 142
820905747 930627616 187
820905747 930627746 141
820905747 930627836 142
820905747 936423854 143
820905747 949601179 143
820905747 968561617 142
820905747 979517098 142
820905767 820905977 0
820905767 824038961 354
820905767 824038987 353
820905767 824039126 353
820905767 824039260 353
820905767 824039471 357
820905767 824039484 353
820905767 824039761 353
820905767 824039851 530
820905767 824039875 357
820905767 824040039 353
820905767 824040125 353
820905767 824040515 353
820905767 824040951 358
820905767 930626766 36
820905767 930626866 24
820905767 930626886 102
820905767 930626996 3
820905767 930627026 0
820905767 930627036 1
820905767 930627176 0
820905767 930627196 1
820905767 930627486 0
820905767 930627496 0
820905767 930627616 81
820905767 930627746 1
820905767 930627836 0
820905767 936423854 1
820905767 949601179 1
820905767 968561617 0
820905767 979517098 0
820905977 824038961 354
820905977 824038987 353
820905977 824039126 353
820905977 824039260 353
820905977 824039471 357
820905977 824039484 353
820905977 824039761 353
820905977 824039851 530
820905977 824039875 357
820905977 824040039 353
820905977 824040125 353
820905977 824040515 353
820905977 824040951 358
820905977 930626766 36
820905977 930626866 24
820905977 930626886 102
820905977 930626996 3
820905977 930627026 0
820905977 930627036 1
820905977 930627176 0
820905977 930627196 1
820905977 930627486 0
820905977 930627496 0
820905977 930627616 81
820905977 930627746 1
820905977 930627836 0
820905977 936423854 1
820905977 949601179 1
820905977 968561617 0
820905977 979517098 0
824038961 824038987 1
824038961 824039126 1
824038961 824039260 1
824038961 824039471 5
824038961 824039484 1
824038961 824039761 1
824038961 824039851 178
824038961 824039875 5
824038961 824040039 1
824038961 824040125 1
824038961 824040515 2
824038961 824040951 6
824038961 930626766 354
824038961 930626866 358
824038961 930626886 355
824038961 930626996 357
824038961 930627026 354
824038961 930627036 355
824038961 930627176 354
824038961 930627196 355
824038961 930627486 354
824038961 930627496 354
824038961 930627616 398
824038961 930627746 354
824038961 930627836 354
824038961 936423854 355
824038961 949601179 355
824038961 968561617 354
824038961 979517098 354
824038987 824039126 0
824038987 824039260 0
824038987 824039471 4
824038987 824039484 0
824038987 824039761 0
824038987 824039851 177
824038987 824039875 4
824038987 824040039 0
824038987 824040125 0
824038987 824040515 1
824038987 824040951 5
824038987 930626766 353
824038987 930626866 357
824038987 930626886 354
824038987 930626996 356
824038987 930627026 353
824038987 930627036 354
824038987 930627176 353
824038987 930627196 354
824038987 930627486 353
824038987 930627496 353
824038987 930627616 397
824038987 930627746 353
824038987 930627836 353
824038987 936423854 354
824038987 949601179 354
824038987 968561617 353
824038987 979517098 353
824039126 824039260 0
824039126 824039471 4
824039126 824039484 0
824039126 824039761 0
824039126 824039851 177
824039126 824039875 4
824039126 824040039 0
824039126 824040125 0
824039126 824040515 1
824039126 824040951 5
824039126 930626766 353
824039126 930626866 357
824039126 930626886 354
824039126 930626996 356
824039126 930627026 353
824039126 930627036 354
824039126 930627176 353
824039126 930627196 354
824039126 930627486 353
824039126 930627496 353
824039126 930627616 397
824039126 930627746 353
824039126 930627836 353
824039126 936423854 354
824039126 949601179 354
824039126 968561617 353
824039126 979517098 353
824039260 824039471 4
824039260 824039484 0
824039260 824039761 0
824039260 824039851 177
824039260 824039875 4
824039260 824040039 0
824039260 824040125 0
824039260 824040515 1
824039260 824040951 5
824039260 930626766 353
824039260 930626866 357
824039260 930626886 354
824039260 930626996 356
824039260 930627026 353
824039260 930627036 354
824039260 930627176 353
824039260 930627196 354
824039260 930627486 353
824039260 930627496 353
824039260 930627616 397
824039260 930627746 353
824039260 930627836 353
824039260 936423854 354
824039260 949601179 354
824039260 968561617 353
824039260 979517098 353
824039471 824039484 4
824039471 824039761 4
824039471 824039851 179
824039471 824039875 0
824039471 824040039 4
824039471 824040125 4
824039471 824040515 5
824039471 824040951 9
824039471 930626766 357
824039471 930626866 361
824039471 930626886 358
824039471 930626996 360
824039471 930627026 357
824039471 930627036 358
824039471 930627176 357
824039471 930627196 358
824039471 930627486 357
824039471 930627496 357
824039471 930627616 401
824039471 930627746 357
824039471 930627836 357
824039471 936423854 358
824039471 949601179 358
824039471 968561617 357
824039471 979517098 357
824039484 824039761 0
824039484 824039851 177
824039484 824039875 4
824039484 824040039 0
824039484 824040125 0
824039484 824040515 1
824039484 824040951 5
824039484 930626766 353
824039484 930626866 357
824039484 930626886 354
824039484 930626996 356
824039484 930627026 353
824039484 930627036 354
824039484 930627176 353
824039484 930627196 354
824039484 930627486 353
824039484 930627496 353
824039484 930627616 397
824039484 930627746 353
824039484 930627836 353
824039484 936423854 354
824039484 949601179 354
824039484 968561617 353
824039484 979517098 353
824039761 824039851 177
824039761 824039875 4
824039761 824040039 0
824039761 824040125 0
824039761 824040515 1
824039761 824040951 5
824039761 930626766 353
824039761 930626866 357
824039761 930626886 354
824039761 930626996 356
824039761 930627026 353
824039761 930627036 354
824039761 930627176 353
824039761 930627196 354
824039761 930627486 353
824039761 930627496 353
824039761 930627616 397
824039761 930627746 353
824039761 930627836 353
824039761 936423854 354
824039761 949601179 354
824039761 968561617 353
824039761 979517098 353
824039851 824039875 179
824039851 824040039 177
824039851 824040125 177
824039851 824040515 178
824039851 824040951 182
824039851 930626766 530
824039851 930626866 533
824039851 930626886 530
824039851 930626996 531
824039851 930627026 530
824039851 930627036 530
824039851 930627176 530
824039851 930627196 530
824039851 930627486 530
824039851 930627496 530
824039851 930627616 498
824039851 930627746 530
824039851 930627836 530
824039851 936423854 531
824039851 949601179 531
824039851 968561617 530
824039851 979517098 530
824039875 824040039 4
824039875 824040125 4
824039875 824040515 5
824039875 824040951 9
824039875 930626766 357
824039875 930626866 361
824039875 930626886 358
824039875 930626996 360
824039875 930627026 357
824039875 930627036 358
824039875 930627176 357
824039875 930627196 358
824039875 930627486 357
824039875 930627496 357
824039875 930627616 401
824039875 930627746 357
824039875 930627836 357
824039875 936423854 358
824039875 949601179 358
824039875 968561617 357
824039875 979517098 357
824040039 824040125 0
824040039 824040515 1
824040039 824040951 5
824040039 930626766 353
824040039 930626866 357
824040039 930626886 354
824040039 930626996 356
824040039 930627026 353
824040039 930627036 354
824040039 930627176 353
824040039 930627196 354
824040039 930627486 353
824040039 930627496 353
824040039 930627616 397
824040039 930627746 353
824040039 930627836 353
824040039 936423854 354
824040039 949601179 354
824040039 968561617 353
824040039 979517098 353
824040125 824040515 1
824040125 824040951 5
824040125 930626766 353
824040125 930626866 357
824040125 930626886 354
824040125 930626996 356
824040125 930627026 353
824040125 930627036 354
824040125 930627176 353
824040125 930627196 354
824040125 930627486 353
824040125 930627496 353
824040125 930627616 397
824040125 930627746 353
824040125 930627836 353
824040125 936423854 354
824040125 949601179 354
824040125 968561617 353
824040125 979517098 353
824040515 824040951 6
824040515 930626766 353
824040515 930626866 357
824040515 930626886 354
824040515 930626996 356
824040515 930627026 353
824040515 930627036 354
824040515 930627176 353
824040515 930627196 354
824040515 930627486 353
824040515 930627496 353
824040515 930627616 397
824040515 930627746 353
824040515 930627836 353
824040515 936423854 354
824040515 949601179 354
824040515 968561617 353
824040515 979517098 353
824040951 930626766 358
824040951 930626866 362
824040951 930626886 359
824040951 930626996 361
824040951 930627026 358
824040951 930627036 359
824040951 930627176 358
824040951 930627196 359
824040951 930627486 358
824040951 930627496 358
824040951 930627616 402
824040951 930627746 358
824040951 930627836 358
824040951 936423854 359
824040951 949601179 359
824040951 968561617 358
824040951 979517098 358
930626766 930626866 60
930626766 930626886 134
930626766 930626996 39
930626766 930627026 36
930626766 930627036 37
930626766 930627176 36
930626766 930627196 37
930626766 930627486 36
930626766 930627496 36
930626766 930627616 117
930626766 930627746 37
930626766 930627836 36
930626766 936423854 37
930626766 949601179 37
930626766 968561617 36
930626766 979517098 36
930626866 930626886 126
930626866 930626996 27
930626866 930627026 24
930626866 930627036 25
930626866 930627176 24
930626866 930627196 25
930626866 930627486 24
930626866 930627496 24
930626866 930627616 105
930626866 930627746 25
930626866 930627836 24
930626866 936423854 25
930626866 949601179 25
930626866 968561617 24
930626866 979517098 24
930626886 930626996 103
930626886 930627026 102
930626886 930627036 101
930626886 930627176 102
930626886 930627196 101
930626886 930627486 102
930626886 930627496 102
930626886 930627616 121
930626886 930627746 103
930626886 930627836 102
930626886 936423854 103
930626886 949601179 103
930626886 968561617 102
930626886 979517098 102
930626996 930627026 3
930626996 930627036 2
930626996 930627176 3
930626996 930627196 2
930626996 930627486 3
930626996 930627496 3
930626996 930627616 83
930626996 930627746 4
930626996 930627836 3
930626996 936423854 4
930626996 949601179 4
930626996 968561617 3
930626996 979517098 3
930627026 930627036 1
930627026 930627176 0
930627026 930627196 1
930627026 930627486 0
930627026 930627496 0
930627026 930627616 81
930627026 930627746 1
930627026 930627836 0
930627026 936423854 1
930627026 949601179 1
930627026 968561617 0
930627026 979517098 0
930627036 930627176 1
930627036 930627196 0
930627036 930627486 1
930627036 930627496 1
930627036 930627616 82
930627036 930627746 2
930627036 930627836 1
930627036 936423854 2
930627036 949601179 2
930627036 968561617 1
930627036 979517098 1
930627176 930627196 1
930627176 930627486 0
930627176 930627496 0
930627176 930627616 81
930627176 930627746 1
930627176 930627836 0
930627176 936423854 1
930627176 949601179 1
930627176 968561617 0
930627176 979517098 0
930627196 930627486 1
930627196 930627496 1
930627196 930627616 82
930627196 930627746 2
930627196 930627836 1
930627196 936423854 2
930627196 949601179 2
930627196 968561617 1
930627196 979517098 1
930627486 930627496 0
930627486 930627616 81
930627486 930627746 1
930627486 930627836 0
930627486 936423854 1
930627486 949601179 1
930627486 968561617 0
930627486 979517098 0
930627496 930627616 81
930627496 930627746 1
930627496 930627836 0
930627496 936423854 1
930627496 949601179 1
930627496 968561617 0
930627496 979517098 0
930627616 930627746 82
930627616 930627836 81
930627616 936423854 82
930627616 949601179 82
930627616 968561617 81
930627616 979517098 81
930627746 930627836 1
930627746 936423854 2
930627746 949601179 2
930627746 968561617 1
930627746 979517098 1
930627836 936423854 1
930627836 949601179 1
930627836 968561617 0
930627836 979517098 0
936423854 949601179 2
936423854 968561617 1
936423854 979517098 1
949601179 968561617 1
949601179 979517098 1
968561617 979517098 0