# Columns are as follows: sample_1 sample_2 distance
1013071302 1013071422 4
1013071302 1018445771 296
1013071302 1018445871 117
1013071302 436409269 39
1013071302 436409329 41
1013071302 436409349 50
1013071302 436409369 51
1013071302 436409419 46
1013071302 436409429 50
1013071302 436409439 42
1013071302 667852635 2
1013071302 674810554 3
1013071302 685509613 602
1013071302 760241947 7
1013071302 760241994 3
1013071302 760242017 3
1013071302 760242040 3
1013071302 760242166 3
1013071302 760242333 4
1013071302 760242399 4
1013071302 760242444 4
1013071302 760242670 5
1013071302 760242890 3
1013071302 760242914 3
1013071302 760242938 5
1013071302 760243319 3
1013071302 760243417 3
1013071302 760243527 3
1013071302 760243587 3
1013071302 807051501 91
1013071302 807051581 25
1013071302 807051831 44
1013071302 807051851 3
1013071302 807052171 3
1013071302 807052191 3
1013071302 807052210 3
1013071302 807052380 3
1013071302 807052420 3
1013071302 807052770 3
1013071302 807052820 4
1013071302 820743455 3
1013071302 820743465 4
1013071302 820743515 45
1013071302 820905197 3
1013071302 820905217 4
1013071302 820905567 3
1013071302 820905747 162
1013071302 820905767 3
1013071302 820905977 3
1013071302 824038961 589
1013071302 824038987 587
1013071302 824039126 589
1013071302 824039260 588
1013071302 824039471 588
1013071302 824039484 588
1013071302 824039761 588
1013071302 824039851 590
1013071302 824039875 588
1013071302 824040039 588
1013071302 824040125 588
1013071302 824040515 589
1013071302 824040951 588
1013071302 930626766 117
1013071302 930626866 112
1013071302 930626886 4
1013071302 930626996 5
1013071302 930627026 3
1013071302 930627036 4
1013071302 930627176 3
1013071302 930627196 3
1013071302 930627486 3
1013071302 930627496 41
1013071302 930627616 79
1013071302 930627746 3
1013071302 930627836 1
1013071302 936423854 4
1013071302 949601179 4
1013071302 968561617 70
1013071302 979517098 4
1013071422 1018445771 296
1013071422 1018445871 116
1013071422 436409269 37
1013071422 436409329 39
1013071422 436409349 48
1013071422 436409369 49
1013071422 436409419 44
1013071422 436409429 46
1013071422 436409439 40
1013071422 667852635 2
1013071422 674810554 3
1013071422 685509613 600
1013071422 760241947 7
1013071422 760241994 3
1013071422 760242017 3
1013071422 760242040 3
1013071422 760242166 3
1013071422 760242333 4
1013071422 760242399 4
1013071422 760242444 4
1013071422 760242670 5
1013071422 760242890 3
1013071422 760242914 3
1013071422 760242938 5
1013071422 760243319 3
1013071422 760243417 3
1013071422 760243527 3
1013071422 760243587 3
1013071422 807051501 91
1013071422 807051581 25
1013071422 807051831 44
1013071422 807051851 3
1013071422 807052171 3
1013071422 807052191 3
1013071422 807052210 3
1013071422 807052380 3
1013071422 807052420 3
1013071422 807052770 3
1013071422 807052820 4
1013071422 820743455 3
1013071422 820743465 4
1013071422 820743515 45
1013071422 820905197 3
1013071422 820905217 4
1013071422 820905567 3
1013071422 820905747 162
1013071422 820905767 3
1013071422 820905977 3
1013071422 824038961 589
1013071422 824038987 587
1013071422 824039126 589
1013071422 824039260 588
1013071422 824039471 588
1013071422 824039484 588
1013071422 824039761 588
1013071422 824039851 590
1013071422 824039875 588
1013071422 824040039 588
1013071422 824040125 588
1013071422 824040515 589
1013071422 824040951 588
1013071422 930626766 116
1013071422 930626866 112
1013071422 930626886 4
1013071422 930626996 5
1013071422 930627026 3
1013071422 930627036 2
1013071422 930627176 3
1013071422 930627196 3
1013071422 930627486 3
1013071422 930627496 41
1013071422 930627616 79
1013071422 930627746 3
1013071422 930627836 3
1013071422 936423854 4
1013071422 949601179 4
1013071422 968561617 72
1013071422 979517098 4
1018445771 1018445871 409
1018445771 436409269 322
1018445771 436409329 324
1018445771 436409349 328
1018445771 436409369 327
1018445771 436409419 323
1018445771 436409429 332
1018445771 436409439 321
1018445771 667852635 294
1018445771 674810554 295
1018445771 685509613 687
1018445771 760241947 299
1018445771 760241994 295
1018445771 760242017 295
1018445771 760242040 295
1018445771 760242166 295
1018445771 760242333 296
1018445771 760242399 296
1018445771 760242444 296
1018445771 760242670 297
1018445771 760242890 295
1018445771 760242914 295
1018445771 760242938 296
1018445771 760243319 295
1018445771 760243417 295
1018445771 760243527 295
1018445771 760243587 295
1018445771 807051501 320
1018445771 807051581 308
1018445771 807051831 322
1018445771 807051851 295
1018445771 807052171 295
1018445771 807052191 295
1018445771 807052210 295
1018445771 807052380 295
1018445771 807052420 295
1018445771 807052770 295
1018445771 807052820 296
1018445771 820743455 295
1018445771 820743465 296
1018445771 820743515 337
1018445771 820905197 295
1018445771 820905217 295
1018445771 820905567 294
1018445771 820905747 322
1018445771 820905767 295
1018445771 820905977 295
1018445771 824038961 676
1018445771 824038987 676
1018445771 824039126 676
1018445771 824039260 677
1018445771 824039471 676
1018445771 824039484 676
1018445771 824039761 676
1018445771 824039851 678
1018445771 824039875 676
1018445771 824040039 677
1018445771 824040125 675
1018445771 824040515 677
1018445771 824040951 675
1018445771 930626766 409
1018445771 930626866 290
1018445771 930626886 295
1018445771 930626996 296
1018445771 930627026 295
1018445771 930627036 296
1018445771 930627176 295
1018445771 930627196 295
1018445771 930627486 294
1018445771 930627496 333
1018445771 930627616 371
1018445771 930627746 294
1018445771 930627836 295
1018445771 936423854 296
1018445771 949601179 295
1018445771 968561617 260
1018445771 979517098 296
1018445871 436409269 147
1018445871 436409329 149
1018445871 436409349 156
1018445871 436409369 157
1018445871 436409419 154
1018445871 436409429 158
1018445871 436409439 150
1018445871 667852635 115
1018445871 674810554 116
1018445871 685509613 605
1018445871 760241947 120
1018445871 760241994 116
1018445871 760242017 116
1018445871 760242040 116
1018445871 760242166 116
1018445871 760242333 117
1018445871 760242399 117
1018445871 760242444 117
1018445871 760242670 118
1018445871 760242890 116
1018445871 760242914 116
1018445871 760242938 117
1018445871 760243319 116
1018445871 760243417 116
1018445871 760243527 116
1018445871 760243587 116
1018445871 807051501 193
1018445871 807051581 138
1018445871 807051831 157
1018445871 807051851 116
1018445871 807052171 116
1018445871 807052191 116
1018445871 807052210 116
1018445871 807052380 116
1018445871 807052420 116
1018445871 807052770 116
1018445871 807052820 117
1018445871 820743455 116
1018445871 820743465 117
1018445871 820743515 158
1018445871 820905197 116
1018445871 820905217 117
1018445871 820905567 116
1018445871 820905747 275
1018445871 820905767 116
1018445871 820905977 116
1018445871 824038961 591
1018445871 824038987 589
1018445871 824039126 591
1018445871 824039260 590
1018445871 824039471 590
1018445871 824039484 590
1018445871 824039761 590
1018445871 824039851 592
1018445871 824039875 590
1018445871 824040039 591
1018445871 824040125 590
1018445871 824040515 591
1018445871 824040951 590
1018445871 930626766 230
1018445871 930626866 219
1018445871 930626886 117
1018445871 930626996 117
1018445871 930627026 116
1018445871 930627036 116
1018445871 930627176 116
1018445871 930627196 116
1018445871 930627486 116
1018445871 930627496 154
1018445871 930627616 191
1018445871 930627746 116
1018445871 930627836 116
1018445871 936423854 117
1018445871 949601179 117
1018445871 968561617 185
1018445871 979517098 117
436409269 436409329 2
436409269 436409349 23
436409269 436409369 26
436409269 436409419 19
436409269 436409429 25
436409269 436409439 15
436409269 667852635 37
436409269 674810554 36
436409269 685509613 593
436409269 760241947 41
436409269 760241994 38
436409269 760242017 38
436409269 760242040 38
436409269 760242166 38
436409269 760242333 39
436409269 760242399 39
436409269 760242444 38
436409269 760242670 40
436409269 760242890 38
436409269 760242914 38
436409269 760242938 40
436409269 760243319 38
436409269 760243417 38
436409269 760243527 38
436409269 760243587 37
436409269 807051501 125
436409269 807051581 58
436409269 807051831 79
436409269 807051851 38
436409269 807052171 38
436409269 807052191 38
436409269 807052210 38
436409269 807052380 38
436409269 807052420 38
436409269 807052770 38
436409269 807052820 39
436409269 820743455 38
436409269 820743465 37
436409269 820743515 80
436409269 820905197 38
436409269 820905217 38
436409269 820905567 38
436409269 820905747 186
436409269 820905767 38
436409269 820905977 38
436409269 824038961 596
436409269 824038987 596
436409269 824039126 598
436409269 824039260 595
436409269 824039471 597
436409269 824039484 597
436409269 824039761 597
436409269 824039851 599
436409269 824039875 597
436409269 824040039 597
436409269 824040125 597
436409269 824040515 596
436409269 824040951 597
436409269 930626766 152
436409269 930626866 144
436409269 930626886 39
436409269 930626996 40
436409269 930627026 38
436409269 930627036 37
436409269 930627176 38
436409269 930627196 38
436409269 930627486 38
436409269 930627496 74
436409269 930627616 110
436409269 930627746 38
436409269 930627836 38
436409269 936423854 37
436409269 949601179 39
436409269 968561617 104
436409269 979517098 37
436409329 436409349 25
436409329 436409369 28
436409329 436409419 21
436409329 436409429 27
436409329 436409439 17
436409329 667852635 39
436409329 674810554 38
436409329 685509613 595
436409329 760241947 43
436409329 760241994 40
436409329 760242017 40
436409329 760242040 40
436409329 760242166 40
436409329 760242333 41
436409329 760242399 41
436409329 760242444 40
436409329 760242670 42
436409329 760242890 40
436409329 760242914 40
436409329 760242938 42
436409329 760243319 40
436409329 760243417 40
436409329 760243527 40
436409329 760243587 39
436409329 807051501 127
436409329 807051581 60
436409329 807051831 81
436409329 807051851 40
436409329 807052171 40
436409329 807052191 40
436409329 807052210 40
436409329 807052380 40
436409329 807052420 40
436409329 807052770 40
436409329 807052820 41
436409329 820743455 40
436409329 820743465 39
436409329 820743515 82
436409329 820905197 40
436409329 820905217 40
436409329 820905567 40
436409329 820905747 188
436409329 820905767 40
436409329 820905977 40
436409329 824038961 598
436409329 824038987 598
436409329 824039126 600
436409329 824039260 597
436409329 824039471 599
436409329 824039484 599
436409329 824039761 599
436409329 824039851 601
436409329 824039875 599
436409329 824040039 599
436409329 824040125 599
436409329 824040515 598
436409329 824040951 599
436409329 930626766 154
436409329 930626866 145
436409329 930626886 41
436409329 930626996 42
436409329 930627026 40
436409329 930627036 39
436409329 930627176 40
436409329 930627196 40
436409329 930627486 40
436409329 930627496 76
436409329 930627616 112
436409329 930627746 40
436409329 930627836 40
436409329 936423854 39
436409329 949601179 41
436409329 968561617 106
436409329 979517098 39
436409349 436409369 9
436409349 436409419 12
436409349 436409429 36
436409349 436409439 18
436409349 667852635 48
436409349 674810554 47
436409349 685509613 591
436409349 760241947 52
436409349 760241994 49
436409349 760242017 49
436409349 760242040 49
436409349 760242166 49
436409349 760242333 50
436409349 760242399 50
436409349 760242444 49
436409349 760242670 51
436409349 760242890 49
436409349 760242914 49
436409349 760242938 51
436409349 760243319 49
436409349 760243417 49
436409349 760243527 49
436409349 760243587 48
436409349 807051501 136
436409349 807051581 69
436409349 807051831 90
436409349 807051851 49
436409349 807052171 49
436409349 807052191 49
436409349 807052210 49
436409349 807052380 49
436409349 807052420 49
436409349 807052770 49
436409349 807052820 50
436409349 820743455 49
436409349 820743465 48
436409349 820743515 91
436409349 820905197 49
436409349 820905217 49
436409349 820905567 49
436409349 820905747 194
436409349 820905767 49
436409349 820905977 49
436409349 824038961 600
436409349 824038987 600
436409349 824039126 602
436409349 824039260 599
436409349 824039471 601
436409349 824039484 601
436409349 824039761 601
436409349 824039851 603
436409349 824039875 601
436409349 824040039 601
436409349 824040125 601
436409349 824040515 600
436409349 824040951 601
436409349 930626766 162
436409349 930626866 154
436409349 930626886 50
436409349 930626996 51
436409349 930627026 49
436409349 930627036 48
436409349 930627176 49
436409349 930627196 49
436409349 930627486 49
436409349 930627496 85
436409349 930627616 119
436409349 930627746 49
436409349 930627836 49
436409349 936423854 48
436409349 949601179 50
436409349 968561617 116
436409349 979517098 48
436409369 436409419 13
436409369 436409429 39
436409369 436409439 19
436409369 667852635 49
436409369 674810554 48
436409369 685509613 593
436409369 760241947 53
436409369 760241994 50
436409369 760242017 50
436409369 760242040 50
436409369 760242166 50
436409369 760242333 51
436409369 760242399 51
436409369 760242444 50
436409369 760242670 52
436409369 760242890 50
436409369 760242914 50
436409369 760242938 52
436409369 760243319 50
436409369 760243417 50
436409369 760243527 50
436409369 760243587 49
436409369 807051501 137
436409369 807051581 70
436409369 807051831 91
436409369 807051851 50
436409369 807052171 50
436409369 807052191 50
436409369 807052210 50
436409369 807052380 50
436409369 807052420 50
436409369 807052770 50
436409369 807052820 51
436409369 820743455 50
436409369 820743465 49
436409369 820743515 92
436409369 820905197 50
436409369 820905217 50
436409369 820905567 50
436409369 820905747 197
436409369 820905767 50
436409369 820905977 50
436409369 824038961 602
436409369 824038987 602
436409369 824039126 604
436409369 824039260 601
436409369 824039471 603
436409369 824039484 603
436409369 824039761 603
436409369 824039851 605
436409369 824039875 603
436409369 824040039 603
436409369 824040125 603
436409369 824040515 602
436409369 824040951 603
436409369 930626766 164
436409369 930626866 155
436409369 930626886 50
436409369 930626996 52
436409369 930627026 50
436409369 930627036 49
436409369 930627176 50
436409369 930627196 50
436409369 930627486 50
436409369 930627496 86
436409369 930627616 121
436409369 930627746 50
436409369 930627836 50
436409369 936423854 49
436409369 949601179 51
436409369 968561617 118
436409369 979517098 49
436409419 436409429 32
436409419 436409439 12
436409419 667852635 44
436409419 674810554 43
436409419 685509613 592
436409419 760241947 48
436409419 760241994 45
436409419 760242017 45
436409419 760242040 45
436409419 760242166 45
436409419 760242333 46
436409419 760242399 46
436409419 760242444 45
436409419 760242670 47
436409419 760242890 45
436409419 760242914 45
436409419 760242938 47
436409419 760243319 45
436409419 760243417 45
436409419 760243527 45
436409419 760243587 44
436409419 807051501 132
436409419 807051581 65
436409419 807051831 86
436409419 807051851 45
436409419 807052171 45
436409419 807052191 45
436409419 807052210 45
436409419 807052380 45
436409419 807052420 45
436409419 807052770 45
436409419 807052820 46
436409419 820743455 45
436409419 820743465 44
436409419 820743515 87
436409419 820905197 45
436409419 820905217 45
436409419 820905567 45
436409419 820905747 192
436409419 820905767 45
436409419 820905977 45
436409419 824038961 599
436409419 824038987 599
436409419 824039126 601
436409419 824039260 598
436409419 824039471 600
436409419 824039484 600
436409419 824039761 600
436409419 824039851 602
436409419 824039875 600
436409419 824040039 600
436409419 824040125 600
436409419 824040515 599
436409419 824040951 600
436409419 930626766 159
436409419 930626866 150
436409419 930626886 46
436409419 930626996 47
436409419 930627026 45
436409419 930627036 44
436409419 930627176 45
436409419 930627196 45
436409419 930627486 45
436409419 930627496 81
436409419 930627616 117
436409419 930627746 45
436409419 930627836 45
436409419 936423854 44
436409419 949601179 46
436409419 968561617 111
436409419 979517098 44
436409429 436409439 26
436409429 667852635 48
436409429 674810554 47
436409429 685509613 596
436409429 760241947 52
436409429 760241994 49
436409429 760242017 49
436409429 760242040 49
436409429 760242166 49
436409429 760242333 50
436409429 760242399 50
436409429 760242444 49
436409429 760242670 51
436409429 760242890 49
436409429 760242914 49
436409429 760242938 51
436409429 760243319 49
436409429 760243417 49
436409429 760243527 49
436409429 760243587 48
436409429 807051501 135
436409429 807051581 68
436409429 807051831 90
436409429 807051851 49
436409429 807052171 49
436409429 807052191 49
436409429 807052210 49
436409429 807052380 49
436409429 807052420 49
436409429 807052770 49
436409429 807052820 50
436409429 820743455 49
436409429 820743465 48
436409429 820743515 90
436409429 820905197 49
436409429 820905217 49
436409429 820905567 49
436409429 820905747 197
436409429 820905767 49
436409429 820905977 49
436409429 824038961 601
436409429 824038987 601
436409429 824039126 603
436409429 824039260 600
436409429 824039471 602
436409429 824039484 602
436409429 824039761 602
436409429 824039851 604
436409429 824039875 602
436409429 824040039 602
436409429 824040125 602
436409429 824040515 601
436409429 824040951 601
436409429 930626766 161
436409429 930626866 154
436409429 930626886 50
436409429 930626996 51
436409429 930627026 49
436409429 930627036 48
436409429 930627176 49
436409429 930627196 49
436409429 930627486 49
436409429 930627496 84
436409429 930627616 119
436409429 930627746 49
436409429 930627836 49
436409429 936423854 48
436409429 949601179 50
436409429 968561617 116
436409429 979517098 48
436409439 667852635 40
436409439 674810554 39
436409439 685509613 592
436409439 760241947 44
436409439 760241994 41
436409439 760242017 41
436409439 760242040 41
436409439 760242166 41
436409439 760242333 42
436409439 760242399 42
436409439 760242444 41
436409439 760242670 43
436409439 760242890 41
436409439 760242914 41
436409439 760242938 43
436409439 760243319 41
436409439 760243417 41
436409439 760243527 41
436409439 760243587 40
436409439 807051501 128
436409439 807051581 61
436409439 807051831 82
436409439 807051851 41
436409439 807052171 41
436409439 807052191 41
436409439 807052210 41
436409439 807052380 41
436409439 807052420 39
436409439 807052770 41
436409439 807052820 42
436409439 820743455 41
436409439 820743465 40
436409439 820743515 83
436409439 820905197 41
436409439 820905217 41
436409439 820905567 41
436409439 820905747 188
436409439 820905767 41
436409439 820905977 41
436409439 824038961 597
436409439 824038987 597
436409439 824039126 599
436409439 824039260 596
436409439 824039471 598
436409439 824039484 598
436409439 824039761 598
436409439 824039851 600
436409439 824039875 598
436409439 824040039 598
436409439 824040125 598
436409439 824040515 597
436409439 824040951 598
436409439 930626766 154
436409439 930626866 146
436409439 930626886 42
436409439 930626996 43
436409439 930627026 41
436409439 930627036 40
436409439 930627176 41
436409439 930627196 41
436409439 930627486 41
436409439 930627496 77
436409439 930627616 113
436409439 930627746 41
436409439 930627836 41
436409439 936423854 40
436409439 949601179 42
436409439 968561617 107
436409439 979517098 40
667852635 674810554 1
667852635 685509613 601
667852635 760241947 5
667852635 760241994 1
667852635 760242017 1
667852635 760242040 1
667852635 760242166 1
667852635 760242333 2
667852635 760242399 2
667852635 760242444 2
667852635 760242670 3
667852635 760242890 1
667852635 760242914 1
667852635 760242938 3
667852635 760243319 1
667852635 760243417 1
667852635 760243527 1
667852635 760243587 1
667852635 807051501 90
667852635 807051581 23
667852635 807051831 42
667852635 807051851 1
667852635 807052171 1
667852635 807052191 1
667852635 807052210 1
667852635 807052380 1
667852635 807052420 1
667852635 807052770 1
667852635 807052820 2
667852635 820743455 1
667852635 820743465 2
667852635 820743515 43
667852635 820905197 1
667852635 820905217 2
667852635 820905567 1
667852635 820905747 160
667852635 820905767 1
667852635 820905977 1
667852635 824038961 588
667852635 824038987 586
667852635 824039126 588
667852635 824039260 587
667852635 824039471 587
667852635 824039484 587
667852635 824039761 587
667852635 824039851 589
667852635 824039875 587
667852635 824040039 587
667852635 824040125 587
667852635 824040515 588
667852635 824040951 587
667852635 930626766 115
667852635 930626866 110
667852635 930626886 2
667852635 930626996 3
667852635 930627026 1
667852635 930627036 2
667852635 930627176 1
667852635 930627196 1
667852635 930627486 1
667852635 930627496 39
667852635 930627616 77
667852635 930627746 1
667852635 930627836 1
667852635 936423854 2
667852635 949601179 2
667852635 968561617 70
667852635 979517098 2
674810554 685509613 600
674810554 760241947 6
674810554 760241994 2
674810554 760242017 2
674810554 760242040 2
674810554 760242166 2
674810554 760242333 3
674810554 760242399 3
674810554 760242444 2
674810554 760242670 4
674810554 760242890 2
674810554 760242914 2
674810554 760242938 4
674810554 760243319 2
674810554 760243417 2
674810554 760243527 2
674810554 760243587 1
674810554 807051501 91
674810554 807051581 24
674810554 807051831 43
674810554 807051851 2
674810554 807052171 2
674810554 807052191 2
674810554 807052210 2
674810554 807052380 2
674810554 807052420 2
674810554 807052770 2
674810554 807052820 3
674810554 820743455 2
674810554 820743465 1
674810554 820743515 44
674810554 820905197 2
674810554 820905217 3
674810554 820905567 2
674810554 820905747 161
674810554 820905767 2
674810554 820905977 2
674810554 824038961 587
674810554 824038987 587
674810554 824039126 589
674810554 824039260 586
674810554 824039471 588
674810554 824039484 588
674810554 824039761 588
674810554 824039851 590
674810554 824039875 588
674810554 824040039 588
674810554 824040125 588
674810554 824040515 587
674810554 824040951 588
674810554 930626766 116
674810554 930626866 111
674810554 930626886 3
674810554 930626996 4
674810554 930627026 2
674810554 930627036 3
674810554 930627176 2
674810554 930627196 2
674810554 930627486 2
674810554 930627496 40
674810554 930627616 78
674810554 930627746 2
674810554 930627836 2
674810554 936423854 1
674810554 949601179 3
674810554 968561617 71
674810554 979517098 1
685509613 760241947 602
685509613 760241994 602
685509613 760242017 602
685509613 760242040 602
685509613 760242166 602
685509613 760242333 603
685509613 760242399 603
685509613 760242444 602
685509613 760242670 603
685509613 760242890 602
685509613 760242914 602
685509613 760242938 602
685509613 760243319 602
685509613 760243417 601
685509613 760243527 602
685509613 760243587 601
685509613 807051501 640
685509613 807051581 608
685509613 807051831 635
685509613 807051851 602
685509613 807052171 601
685509613 807052191 601
685509613 807052210 601
685509613 807052380 601
685509613 807052420 602
685509613 807052770 602
685509613 807052820 601
685509613 820743455 602
685509613 820743465 601
685509613 820743515 609
685509613 820905197 602
685509613 820905217 602
685509613 820905567 602
685509613 820905747 601
685509613 820905767 602
685509613 820905977 601
685509613 824038961 16
685509613 824038987 17
685509613 824039126 18
685509613 824039260 16
685509613 824039471 17
685509613 824039484 17
685509613 824039761 17
685509613 824039851 19
685509613 824039875 17
685509613 824040039 18
685509613 824040125 17
685509613 824040515 16
685509613 824040951 17
685509613 930626766 639
685509613 930626866 695
685509613 930626886 602
685509613 930626996 602
685509613 930627026 602
685509613 930627036 602
685509613 930627176 601
685509613 930627196 602
685509613 930627486 602
685509613 930627496 601
685509613 930627616 611
685509613 930627746 602
685509613 930627836 601
685509613 936423854 600
685509613 949601179 602
685509613 968561617 602
685509613 979517098 601
760241947 760241994 6
760241947 760242017 6
760241947 760242040 6
760241947 760242166 6
760241947 760242333 7
760241947 760242399 7
760241947 760242444 7
760241947 760242670 8
760241947 760242890 6
760241947 760242914 6
760241947 760242938 8
760241947 760243319 6
760241947 760243417 6
760241947 760243527 6
760241947 760243587 6
760241947 807051501 95
760241947 807051581 28
760241947 807051831 47
760241947 807051851 6
760241947 807052171 6
760241947 807052191 6
760241947 807052210 6
760241947 807052380 6
760241947 807052420 6
760241947 807052770 6
760241947 807052820 7
760241947 820743455 6
760241947 820743465 7
760241947 820743515 48
760241947 820905197 6
760241947 820905217 7
760241947 820905567 6
760241947 820905747 163
760241947 820905767 6
760241947 820905977 6
760241947 824038961 589
760241947 824038987 587
760241947 824039126 589
760241947 824039260 588
760241947 824039471 588
760241947 824039484 588
760241947 824039761 588
760241947 824039851 590
760241947 824039875 588
760241947 824040039 588
760241947 824040125 588
760241947 824040515 589
760241947 824040951 588
760241947 930626766 120
760241947 930626866 115
760241947 930626886 7
760241947 930626996 8
760241947 930627026 6
760241947 930627036 7
760241947 930627176 6
760241947 930627196 6
760241947 930627486 6
760241947 930627496 44
760241947 930627616 82
760241947 930627746 6
760241947 930627836 6
760241947 936423854 7
760241947 949601179 7
760241947 968561617 75
760241947 979517098 7
760241994 760242017 2
760241994 760242040 2
760241994 760242166 2
760241994 760242333 3
760241994 760242399 3
760241994 760242444 3
760241994 760242670 4
760241994 760242890 2
760241994 760242914 2
760241994 760242938 4
760241994 760243319 2
760241994 760243417 2
760241994 760243527 2
760241994 760243587 2
760241994 807051501 91
760241994 807051581 24
760241994 807051831 43
760241994 807051851 2
760241994 807052171 2
760241994 807052191 2
760241994 807052210 2
760241994 807052380 2
760241994 807052420 2
760241994 807052770 2
760241994 807052820 3
760241994 820743455 2
760241994 820743465 3
760241994 820743515 44
760241994 820905197 2
760241994 820905217 3
760241994 820905567 2
760241994 820905747 161
760241994 820905767 2
760241994 820905977 2
760241994 824038961 589
760241994 824038987 587
760241994 824039126 589
760241994 824039260 588
760241994 824039471 588
760241994 824039484 588
760241994 824039761 588
760241994 824039851 590
760241994 824039875 588
760241994 824040039 588
760241994 824040125 588
760241994 824040515 589
760241994 824040951 588
760241994 930626766 115
760241994 930626866 111
760241994 930626886 3
760241994 930626996 4
760241994 930627026 2
760241994 930627036 3
760241994 930627176 2
760241994 930627196 2
760241994 930627486 2
760241994 930627496 40
760241994 930627616 78
760241994 930627746 2
760241994 930627836 2
760241994 936423854 3
760241994 949601179 3
760241994 968561617 71
760241994 979517098 3
760242017 760242040 2
760242017 760242166 2
760242017 760242333 3
760242017 760242399 3
760242017 760242444 3
760242017 760242670 4
760242017 760242890 2
760242017 760242914 2
760242017 760242938 4
760242017 760243319 2
760242017 760243417 2
760242017 760243527 2
760242017 760243587 2
760242017 807051501 91
760242017 807051581 24
760242017 807051831 43
760242017 807051851 2
760242017 807052171 2
760242017 807052191 2
760242017 807052210 2
760242017 807052380 2
760242017 807052420 2
760242017 807052770 2
760242017 807052820 3
760242017 820743455 2
760242017 820743465 3
760242017 820743515 44
760242017 820905197 2
760242017 820905217 3
760242017 820905567 2
760242017 820905747 161
760242017 820905767 2
760242017 820905977 2
760242017 824038961 589
760242017 824038987 587
760242017 824039126 589
760242017 824039260 588
760242017 824039471 588
760242017 824039484 588
760242017 824039761 588
760242017 824039851 590
760242017 824039875 588
760242017 824040039 588
760242017 824040125 588
760242017 824040515 589
760242017 824040951 588
760242017 930626766 115
760242017 930626866 111
760242017 930626886 3
760242017 930626996 4
760242017 930627026 2
760242017 930627036 3
760242017 930627176 2
760242017 930627196 2
760242017 930627486 2
760242017 930627496 40
760242017 930627616 78
760242017 930627746 2
760242017 930627836 2
760242017 936423854 3
760242017 949601179 3
760242017 968561617 71
760242017 979517098 3
760242040 760242166 2
760242040 760242333 3
760242040 760242399 3
760242040 760242444 3
760242040 760242670 4
760242040 760242890 2
760242040 760242914 2
760242040 760242938 4
760242040 760243319 2
760242040 760243417 2
760242040 760243527 2
760242040 760243587 2
760242040 807051501 91
760242040 807051581 24
760242040 807051831 43
760242040 807051851 2
760242040 807052171 2
760242040 807052191 2
760242040 807052210 2
760242040 807052380 2
760242040 807052420 2
760242040 807052770 2
760242040 807052820 3
760242040 820743455 2
760242040 820743465 3
760242040 820743515 44
760242040 820905197 2
760242040 820905217 3
760242040 820905567 2
760242040 820905747 161
760242040 820905767 2
760242040 820905977 2
760242040 824038961 589
760242040 824038987 587
760242040 824039126 589
760242040 824039260 588
760242040 824039471 588
760242040 824039484 588
760242040 824039761 588
760242040 824039851 590
760242040 824039875 588
760242040 824040039 588
760242040 824040125 588
760242040 824040515 589
760242040 824040951 588
760242040 930626766 116
760242040 930626866 111
760242040 930626886 3
760242040 930626996 4
760242040 930627026 2
760242040 930627036 3
760242040 930627176 2
760242040 930627196 2
760242040 930627486 2
760242040 930627496 40
760242040 930627616 78
760242040 930627746 2
760242040 930627836 2
760242040 936423854 3
760242040 949601179 3
760242040 968561617 71
760242040 979517098 3
760242166 760242333 3
760242166 760242399 3
760242166 760242444 3
760242166 760242670 4
760242166 760242890 2
760242166 760242914 2
760242166 760242938 4
760242166 760243319 2
760242166 760243417 2
760242166 760243527 2
760242166 760243587 2
760242166 807051501 91
760242166 807051581 24
760242166 807051831 43
760242166 807051851 2
760242166 807052171 2
760242166 807052191 2
760242166 807052210 2
760242166 807052380 2
760242166 807052420 2
760242166 807052770 2
760242166 807052820 3
760242166 820743455 2
760242166 820743465 3
760242166 820743515 44
760242166 820905197 2
760242166 820905217 3
760242166 820905567 2
760242166 820905747 161
760242166 820905767 2
760242166 820905977 2
760242166 824038961 589
760242166 824038987 587
760242166 824039126 589
760242166 824039260 588
760242166 824039471 588
760242166 824039484 588
760242166 824039761 588
760242166 824039851 590
760242166 824039875 588
760242166 824040039 588
760242166 824040125 588
760242166 824040515 589
760242166 824040951 588
760242166 930626766 116
760242166 930626866 111
760242166 930626886 3
760242166 930626996 4
760242166 930627026 2
760242166 930627036 3
760242166 930627176 2
760242166 930627196 2
760242166 930627486 2
760242166 930627496 40
760242166 930627616 78
760242166 930627746 2
760242166 930627836 2
760242166 936423854 3
760242166 949601179 3
760242166 968561617 71
760242166 979517098 3
760242333 760242399 4
760242333 760242444 4
760242333 760242670 5
760242333 760242890 3
760242333 760242914 3
760242333 760242938 5
760242333 760243319 3
760242333 760243417 3
760242333 760243527 3
760242333 760243587 3
760242333 807051501 92
760242333 807051581 25
760242333 807051831 44
760242333 807051851 3
760242333 807052171 3
760242333 807052191 3
760242333 807052210 3
760242333 807052380 3
760242333 807052420 3
760242333 807052770 3
760242333 807052820 4
760242333 820743455 3
760242333 820743465 4
760242333 820743515 45
760242333 820905197 3
760242333 820905217 4
760242333 820905567 3
760242333 820905747 162
760242333 820905767 3
760242333 820905977 3
760242333 824038961 590
760242333 824038987 588
760242333 824039126 590
760242333 824039260 589
760242333 824039471 589
760242333 824039484 589
760242333 824039761 589
760242333 824039851 591
760242333 824039875 589
760242333 824040039 589
760242333 824040125 589
760242333 824040515 590
760242333 824040951 589
760242333 930626766 117
760242333 930626866 112
760242333 930626886 4
760242333 930626996 5
760242333 930627026 3
760242333 930627036 4
760242333 930627176 3
760242333 930627196 3
760242333 930627486 3
760242333 930627496 41
760242333 930627616 79
760242333 930627746 3
760242333 930627836 3
760242333 936423854 4
760242333 949601179 4
760242333 968561617 72
760242333 979517098 4
760242399 760242444 4
760242399 760242670 5
760242399 760242890 3
760242399 760242914 3
760242399 760242938 5
760242399 760243319 3
760242399 760243417 3
760242399 760243527 1
760242399 760243587 3
760242399 807051501 92
760242399 807051581 25
760242399 807051831 44
760242399 807051851 3
760242399 807052171 3
760242399 807052191 3
760242399 807052210 3
760242399 807052380 3
760242399 807052420 3
760242399 807052770 3
760242399 807052820 4
760242399 820743455 3
760242399 820743465 4
760242399 820743515 45
760242399 820905197 3
760242399 820905217 4
760242399 820905567 3
760242399 820905747 162
760242399 820905767 3
760242399 820905977 3
760242399 824038961 590
760242399 824038987 588
760242399 824039126 590
760242399 824039260 589
760242399 824039471 589
760242399 824039484 589
760242399 824039761 589
760242399 824039851 591
760242399 824039875 589
760242399 824040039 589
760242399 824040125 589
760242399 824040515 590
760242399 824040951 589
760242399 930626766 117
760242399 930626866 111
760242399 930626886 4
760242399 930626996 5
760242399 930627026 3
760242399 930627036 4
760242399 930627176 3
760242399 930627196 3
760242399 930627486 3
760242399 930627496 41
760242399 930627616 79
760242399 930627746 3
760242399 930627836 3
760242399 936423854 4
760242399 949601179 4
760242399 968561617 72
760242399 979517098 4
760242444 760242670 5
760242444 760242890 3
760242444 760242914 3
760242444 760242938 5
760242444 760243319 3
760242444 760243417 3
760242444 760243527 3
760242444 760243587 1
760242444 807051501 92
760242444 807051581 25
760242444 807051831 44
760242444 807051851 3
760242444 807052171 3
760242444 807052191 3
760242444 807052210 3
760242444 807052380 3
760242444 807052420 3
760242444 807052770 3
760242444 807052820 4
760242444 820743455 3
760242444 820743465 3
760242444 820743515 45
760242444 820905197 3
760242444 820905217 4
760242444 820905567 3
760242444 820905747 162
760242444 820905767 3
760242444 820905977 3
760242444 824038961 589
760242444 824038987 588
760242444 824039126 590
760242444 824039260 588
760242444 824039471 589
760242444 824039484 589
760242444 824039761 589
760242444 824039851 591
760242444 824039875 589
760242444 824040039 589
760242444 824040125 589
760242444 824040515 589
760242444 824040951 589
760242444 930626766 117
760242444 930626866 112
760242444 930626886 4
760242444 930626996 5
760242444 930627026 3
760242444 930627036 4
760242444 930627176 3
760242444 930627196 3
760242444 930627486 3
760242444 930627496 41
760242444 930627616 79
760242444 930627746 3
760242444 930627836 3
760242444 936423854 3
760242444 949601179 4
760242444 968561617 72
760242444 979517098 3
760242670 760242890 4
760242670 760242914 4
760242670 760242938 6
760242670 760243319 2
760242670 760243417 4
760242670 760243527 4
760242670 760243587 4
760242670 807051501 93
760242670 807051581 26
760242670 807051831 44
760242670 807051851 4
760242670 807052171 4
760242670 807052191 4
760242670 807052210 4
760242670 807052380 4
760242670 807052420 4
760242670 807052770 4
760242670 807052820 5
760242670 820743455 4
760242670 820743465 5
760242670 820743515 46
760242670 820905197 4
760242670 820905217 5
760242670 820905567 4
760242670 820905747 163
760242670 820905767 4
760242670 820905977 4
760242670 824038961 590
760242670 824038987 588
760242670 824039126 590
760242670 824039260 589
760242670 824039471 589
760242670 824039484 589
760242670 824039761 589
760242670 824039851 591
760242670 824039875 589
760242670 824040039 589
760242670 824040125 589
760242670 824040515 590
760242670 824040951 589
760242670 930626766 118
760242670 930626866 113
760242670 930626886 5
760242670 930626996 6
760242670 930627026 4
760242670 930627036 5
760242670 930627176 4
760242670 930627196 4
760242670 930627486 4
760242670 930627496 42
760242670 930627616 79
760242670 930627746 4
760242670 930627836 4
760242670 936423854 5
760242670 949601179 5
760242670 968561617 73
760242670 979517098 5
760242890 760242914 2
760242890 760242938 4
760242890 760243319 2
760242890 760243417 2
760242890 760243527 2
760242890 760243587 2
760242890 807051501 91
760242890 807051581 24
760242890 807051831 42
760242890 807051851 2
760242890 807052171 2
760242890 807052191 2
760242890 807052210 2
760242890 807052380 2
760242890 807052420 2
760242890 807052770 2
760242890 807052820 3
760242890 820743455 2
760242890 820743465 3
760242890 820743515 44
760242890 820905197 2
760242890 820905217 3
760242890 820905567 2
760242890 820905747 161
760242890 820905767 2
760242890 820905977 2
760242890 824038961 589
760242890 824038987 587
760242890 824039126 589
760242890 824039260 588
760242890 824039471 588
760242890 824039484 588
760242890 824039761 588
760242890 824039851 590
760242890 824039875 588
760242890 824040039 588
760242890 824040125 588
760242890 824040515 589
760242890 824040951 588
760242890 930626766 116
760242890 930626866 110
760242890 930626886 3
760242890 930626996 4
760242890 930627026 2
760242890 930627036 3
760242890 930627176 2
760242890 930627196 2
760242890 930627486 2
760242890 930627496 40
760242890 930627616 78
760242890 930627746 2
760242890 930627836 2
760242890 936423854 3
760242890 949601179 3
760242890 968561617 71
760242890 979517098 3
760242914 760242938 4
760242914 760243319 2
760242914 760243417 2
760242914 760243527 2
760242914 760243587 2
760242914 807051501 91
760242914 807051581 24
760242914 807051831 43
760242914 807051851 2
760242914 807052171 2
760242914 807052191 2
760242914 807052210 2
760242914 807052380 2
760242914 807052420 2
760242914 807052770 2
760242914 807052820 3
760242914 820743455 2
760242914 820743465 3
760242914 820743515 44
760242914 820905197 2
760242914 820905217 3
760242914 820905567 2
760242914 820905747 161
760242914 820905767 2
760242914 820905977 2
760242914 824038961 589
760242914 824038987 587
760242914 824039126 589
760242914 824039260 588
760242914 824039471 588
760242914 824039484 588
760242914 824039761 588
760242914 824039851 590
760242914 824039875 588
760242914 824040039 588
760242914 824040125 588
760242914 824040515 589
760242914 824040951 588
760242914 930626766 116
760242914 930626866 111
760242914 930626886 3
760242914 930626996 4
760242914 930627026 2
760242914 930627036 3
760242914 930627176 2
760242914 930627196 2
760242914 930627486 2
760242914 930627496 40
760242914 930627616 78
760242914 930627746 2
760242914 930627836 2
760242914 936423854 3
760242914 949601179 3
760242914 968561617 71
760242914 979517098 3
760242938 760243319 4
760242938 760243417 4
760242938 760243527 4
760242938 760243587 4
760242938 807051501 93
760242938 807051581 26
760242938 807051831 45
760242938 807051851 4
760242938 807052171 4
760242938 807052191 4
760242938 807052210 4
760242938 807052380 4
760242938 807052420 4
760242938 807052770 4
760242938 807052820 5
760242938 820743455 4
760242938 820743465 5
760242938 820743515 46
760242938 820905197 4
760242938 820905217 5
760242938 820905567 4
760242938 820905747 162
760242938 820905767 4
760242938 820905977 4
760242938 824038961 589
760242938 824038987 587
760242938 824039126 589
760242938 824039260 588
760242938 824039471 588
760242938 824039484 588
760242938 824039761 588
760242938 824039851 590
760242938 824039875 588
760242938 824040039 588
760242938 824040125 588
760242938 824040515 589
760242938 824040951 588
760242938 930626766 118
760242938 930626866 113
760242938 930626886 5
760242938 930626996 6
760242938 930627026 4
760242938 930627036 5
760242938 930627176 4
760242938 930627196 4
760242938 930627486 4
760242938 930627496 42
760242938 930627616 80
760242938 930627746 4
760242938 930627836 4
760242938 936423854 5
760242938 949601179 5
760242938 968561617 72
760242938 979517098 5
760243319 760243417 2
760243319 760243527 2
760243319 760243587 2
760243319 807051501 91
760243319 807051581 24
760243319 807051831 42
760243319 807051851 2
760243319 807052171 2
760243319 807052191 2
760243319 807052210 2
760243319 807052380 2
760243319 807052420 2
760243319 807052770 2
760243319 807052820 3
760243319 820743455 2
760243319 820743465 3
760243319 820743515 44
760243319 820905197 2
760243319 820905217 3
760243319 820905567 2
760243319 820905747 161
760243319 820905767 2
760243319 820905977 2
760243319 824038961 589
760243319 824038987 587
760243319 824039126 589
760243319 824039260 588
760243319 824039471 588
760243319 824039484 588
760243319 824039761 588
760243319 824039851 590
760243319 824039875 588
760243319 824040039 588
760243319 824040125 588
760243319 824040515 589
760243319 824040951 588
760243319 930626766 116
760243319 930626866 111
760243319 930626886 3
760243319 930626996 4
760243319 930627026 2
760243319 930627036 3
760243319 930627176 2
760243319 930627196 2
760243319 930627486 2
760243319 930627496 40
760243319 930627616 78
760243319 930627746 2
760243319 930627836 2
760243319 936423854 3
760243319 949601179 3
760243319 968561617 71
760243319 979517098 3
760243417 760243527 2
760243417 760243587 2
760243417 807051501 91
760243417 807051581 24
760243417 807051831 43
760243417 807051851 2
760243417 807052171 2
760243417 807052191 2
760243417 807052210 2
760243417 807052380 2
760243417 807052420 2
760243417 807052770 2
760243417 807052820 3
760243417 820743455 2
760243417 820743465 3
760243417 820743515 44
760243417 820905197 2
760243417 820905217 3
760243417 820905567 2
760243417 820905747 161
760243417 820905767 2
760243417 820905977 2
760243417 824038961 588
760243417 824038987 586
760243417 824039126 588
760243417 824039260 587
760243417 824039471 587
760243417 824039484 587
760243417 824039761 587
760243417 824039851 589
760243417 824039875 587
760243417 824040039 587
760243417 824040125 587
760243417 824040515 588
760243417 824040951 587
760243417 930626766 116
760243417 930626866 111
760243417 930626886 3
760243417 930626996 4
760243417 930627026 2
760243417 930627036 3
760243417 930627176 2
760243417 930627196 2
760243417 930627486 2
760243417 930627496 40
760243417 930627616 77
760243417 930627746 2
760243417 930627836 2
760243417 936423854 3
760243417 949601179 3
760243417 968561617 71
760243417 979517098 3
760243527 760243587 2
760243527 807051501 91
760243527 807051581 24
760243527 807051831 43
760243527 807051851 2
760243527 807052171 2
760243527 807052191 2
760243527 807052210 2
760243527 807052380 2
760243527 807052420 2
760243527 807052770 2
760243527 807052820 3
760243527 820743455 2
760243527 820743465 3
760243527 820743515 44
760243527 820905197 2
760243527 820905217 3
760243527 820905567 2
760243527 820905747 161
760243527 820905767 2
760243527 820905977 2
760243527 824038961 589
760243527 824038987 587
760243527 824039126 589
760243527 824039260 588
760243527 824039471 588
760243527 824039484 588
760243527 824039761 588
760243527 824039851 590
760243527 824039875 588
760243527 824040039 588
760243527 824040125 588
760243527 824040515 589
760243527 824040951 588
760243527 930626766 116
760243527 930626866 111
760243527 930626886 3
760243527 930626996 4
760243527 930627026 2
760243527 930627036 3
760243527 930627176 2
760243527 930627196 2
760243527 930627486 2
760243527 930627496 40
760243527 930627616 78
760243527 930627746 2
760243527 930627836 2
760243527 936423854 3
760243527 949601179 3
760243527 968561617 71
760243527 979517098 3
760243587 807051501 91
760243587 807051581 24
760243587 807051831 43
760243587 807051851 2
760243587 807052171 2
760243587 807052191 2
760243587 807052210 2
760243587 807052380 2
760243587 807052420 2
760243587 807052770 2
760243587 807052820 3
760243587 820743455 2
760243587 820743465 2
760243587 820743515 44
760243587 820905197 2
760243587 820905217 3
760243587 820905567 2
760243587 820905747 161
760243587 820905767 2
760243587 820905977 2
760243587 824038961 588
760243587 824038987 587
760243587 824039126 589
760243587 824039260 587
760243587 824039471 588
760243587 824039484 588
760243587 824039761 588
760243587 824039851 590
760243587 824039875 588
760243587 824040039 588
760243587 824040125 588
760243587 824040515 588
760243587 824040951 588
760243587 930626766 116
760243587 930626866 111
760243587 930626886 3
760243587 930626996 4
760243587 930627026 2
760243587 930627036 3
760243587 930627176 2
760243587 930627196 2
760243587 930627486 2
760243587 930627496 40
760243587 930627616 78
760243587 930627746 2
760243587 930627836 2
760243587 936423854 2
760243587 949601179 3
760243587 968561617 71
760243587 979517098 2
807051501 807051581 99
807051501 807051831 98
807051501 807051851 91
807051501 807052171 90
807051501 807052191 90
807051501 807052210 91
807051501 807052380 91
807051501 807052420 91
807051501 807052770 91
807051501 807052820 92
807051501 820743455 91
807051501 820743465 92
807051501 820743515 133
807051501 820905197 91
807051501 820905217 92
807051501 820905567 91
807051501 820905747 249
807051501 820905767 91
807051501 820905977 91
807051501 824038961 627
807051501 824038987 625
807051501 824039126 627
807051501 824039260 626
807051501 824039471 626
807051501 824039484 626
807051501 824039761 626
807051501 824039851 628
807051501 824039875 626
807051501 824040039 626
807051501 824040125 626
807051501 824040515 627
807051501 824040951 626
807051501 930626766 205
807051501 930626866 122
807051501 930626886 92
807051501 930626996 92
807051501 930627026 91
807051501 930627036 91
807051501 930627176 90
807051501 930627196 91
807051501 930627486 90
807051501 930627496 129
807051501 930627616 167
807051501 930627746 91
807051501 930627836 90
807051501 936423854 92
807051501 949601179 92
807051501 968561617 159
807051501 979517098 92
807051581 807051831 51
807051581 807051851 24
807051581 807052171 24
807051581 807052191 24
807051581 807052210 24
807051581 807052380 24
807051581 807052420 24
807051581 807052770 24
807051581 807052820 25
807051581 820743455 24
807051581 820743465 25
807051581 820743515 66
807051581 820905197 24
807051581 820905217 25
807051581 820905567 24
807051581 820905747 172
807051581 820905767 24
807051581 820905977 24
807051581 824038961 595
807051581 824038987 593
807051581 824039126 595
807051581 824039260 594
807051581 824039471 594
807051581 824039484 594
807051581 824039761 594
807051581 824039851 596
807051581 824039875 594
807051581 824040039 594
807051581 824040125 594
807051581 824040515 595
807051581 824040951 594
807051581 930626766 138
807051581 930626866 119
807051581 930626886 25
807051581 930626996 26
807051581 930627026 24
807051581 930627036 25
807051581 930627176 24
807051581 930627196 24
807051581 930627486 24
807051581 930627496 60
807051581 930627616 70
807051581 930627746 24
807051581 930627836 24
807051581 936423854 25
807051581 949601179 25
807051581 968561617 92
807051581 979517098 25
807051831 807051851 43
807051831 807052171 43
807051831 807052191 43
807051831 807052210 43
807051831 807052380 43
807051831 807052420 43
807051831 807052770 43
807051831 807052820 44
807051831 820743455 43
807051831 820743465 44
807051831 820743515 85
807051831 820905197 42
807051831 820905217 44
807051831 820905567 43
807051831 820905747 202
807051831 820905767 43
807051831 820905977 43
807051831 824038961 622
807051831 824038987 620
807051831 824039126 622
807051831 824039260 621
807051831 824039471 621
807051831 824039484 621
807051831 824039761 621
807051831 824039851 623
807051831 824039875 621
807051831 824040039 621
807051831 824040125 621
807051831 824040515 622
807051831 824040951 621
807051831 930626766 157
807051831 930626866 108
807051831 930626886 44
807051831 930626996 45
807051831 930627026 43
807051831 930627036 44
807051831 930627176 42
807051831 930627196 42
807051831 930627486 43
807051831 930627496 81
807051831 930627616 119
807051831 930627746 43
807051831 930627836 43
807051831 936423854 44
807051831 949601179 44
807051831 968561617 112
807051831 979517098 44
807051851 807052171 2
807051851 807052191 2
807051851 807052210 2
807051851 807052380 2
807051851 807052420 2
807051851 807052770 2
807051851 807052820 3
807051851 820743455 2
807051851 820743465 3
807051851 820743515 44
807051851 820905197 2
807051851 820905217 3
807051851 820905567 2
807051851 820905747 161
807051851 820905767 2
807051851 820905977 2
807051851 824038961 589
807051851 824038987 587
807051851 824039126 589
807051851 824039260 588
807051851 824039471 588
807051851 824039484 588
807051851 824039761 588
807051851 824039851 590
807051851 824039875 588
807051851 824040039 588
807051851 824040125 588
807051851 824040515 589
807051851 824040951 588
807051851 930626766 116
807051851 930626866 111
807051851 930626886 3
807051851 930626996 4
807051851 930627026 2
807051851 930627036 3
807051851 930627176 2
807051851 930627196 2
807051851 930627486 2
807051851 930627496 40
807051851 930627616 78
807051851 930627746 2
807051851 930627836 2
807051851 936423854 3
807051851 949601179 3
807051851 968561617 71
807051851 979517098 3
807052171 807052191 2
807052171 807052210 2
807052171 807052380 2
807052171 807052420 2
807052171 807052770 2
807052171 807052820 3
807052171 820743455 2
807052171 820743465 3
807052171 820743515 44
807052171 820905197 2
807052171 820905217 3
807052171 820905567 2
807052171 820905747 161
807052171 820905767 2
807052171 820905977 2
807052171 824038961 588
807052171 824038987 586
807052171 824039126 588
807052171 824039260 587
807052171 824039471 587
807052171 824039484 587
807052171 824039761 587
807052171 824039851 589
807052171 824039875 587
807052171 824040039 587
807052171 824040125 587
807052171 824040515 588
807052171 824040951 587
807052171 930626766 116
807052171 930626866 111
807052171 930626886 3
807052171 930626996 4
807052171 930627026 2
807052171 930627036 3
807052171 930627176 2
807052171 930627196 2
807052171 930627486 2
807052171 930627496 40
807052171 930627616 78
807052171 930627746 2
807052171 930627836 2
807052171 936423854 3
807052171 949601179 3
807052171 968561617 71
807052171 979517098 3
807052191 807052210 2
807052191 807052380 2
807052191 807052420 2
807052191 807052770 2
807052191 807052820 3
807052191 820743455 2
807052191 820743465 3
807052191 820743515 44
807052191 820905197 2
807052191 820905217 3
807052191 820905567 2
807052191 820905747 161
807052191 820905767 2
807052191 820905977 2
807052191 824038961 588
807052191 824038987 586
807052191 824039126 588
807052191 824039260 587
807052191 824039471 587
807052191 824039484 587
807052191 824039761 587
807052191 824039851 589
807052191 824039875 587
807052191 824040039 587
807052191 824040125 587
807052191 824040515 588
807052191 824040951 587
807052191 930626766 116
807052191 930626866 111
807052191 930626886 3
807052191 930626996 4
807052191 930627026 2
807052191 930627036 3
807052191 930627176 2
807052191 930627196 2
807052191 930627486 2
807052191 930627496 40
807052191 930627616 78
807052191 930627746 2
807052191 930627836 2
807052191 936423854 3
807052191 949601179 3
807052191 968561617 71
807052191 979517098 3
807052210 807052380 2
807052210 807052420 2
807052210 807052770 2
807052210 807052820 3
807052210 820743455 2
807052210 820743465 3
807052210 820743515 44
807052210 820905197 2
807052210 820905217 3
807052210 820905567 2
807052210 820905747 161
807052210 820905767 2
807052210 820905977 2
807052210 824038961 588
807052210 824038987 586
807052210 824039126 588
807052210 824039260 587
807052210 824039471 587
807052210 824039484 587
807052210 824039761 587
807052210 824039851 589
807052210 824039875 587
807052210 824040039 587
807052210 824040125 587
807052210 824040515 588
807052210 824040951 587
807052210 930626766 116
807052210 930626866 111
807052210 930626886 3
807052210 930626996 4
807052210 930627026 2
807052210 930627036 3
807052210 930627176 2
807052210 930627196 2
807052210 930627486 2
807052210 930627496 40
807052210 930627616 78
807052210 930627746 2
807052210 930627836 2
807052210 936423854 3
807052210 949601179 3
807052210 968561617 71
807052210 979517098 3
807052380 807052420 2
807052380 807052770 2
807052380 807052820 3
807052380 820743455 2
807052380 820743465 3
807052380 820743515 43
807052380 820905197 2
807052380 820905217 3
807052380 820905567 2
807052380 820905747 161
807052380 820905767 2
807052380 820905977 2
807052380 824038961 588
807052380 824038987 586
807052380 824039126 588
807052380 824039260 587
807052380 824039471 587
807052380 824039484 587
807052380 824039761 587
807052380 824039851 589
807052380 824039875 587
807052380 824040039 587
807052380 824040125 587
807052380 824040515 588
807052380 824040951 587
807052380 930626766 116
807052380 930626866 111
807052380 930626886 3
807052380 930626996 4
807052380 930627026 2
807052380 930627036 3
807052380 930627176 2
807052380 930627196 2
807052380 930627486 2
807052380 930627496 40
807052380 930627616 78
807052380 930627746 2
807052380 930627836 2
807052380 936423854 3
807052380 949601179 3
807052380 968561617 71
807052380 979517098 3
807052420 807052770 2
807052420 807052820 3
807052420 820743455 2
807052420 820743465 3
807052420 820743515 44
807052420 820905197 2
807052420 820905217 3
807052420 820905567 2
807052420 820905747 161
807052420 820905767 2
807052420 820905977 2
807052420 824038961 589
807052420 824038987 587
807052420 824039126 589
807052420 824039260 588
807052420 824039471 588
807052420 824039484 588
807052420 824039761 588
807052420 824039851 590
807052420 824039875 588
807052420 824040039 588
807052420 824040125 588
807052420 824040515 589
807052420 824040951 588
807052420 930626766 115
807052420 930626866 111
807052420 930626886 3
807052420 930626996 4
807052420 930627026 2
807052420 930627036 3
807052420 930627176 2
807052420 930627196 2
807052420 930627486 2
807052420 930627496 40
807052420 930627616 78
807052420 930627746 2
807052420 930627836 2
807052420 936423854 3
807052420 949601179 3
807052420 968561617 71
807052420 979517098 3
807052770 807052820 3
807052770 820743455 2
807052770 820743465 3
807052770 820743515 44
807052770 820905197 2
807052770 820905217 3
807052770 820905567 2
807052770 820905747 161
807052770 820905767 2
807052770 820905977 2
807052770 824038961 589
807052770 824038987 587
807052770 824039126 589
807052770 824039260 588
807052770 824039471 588
807052770 824039484 588
807052770 824039761 588
807052770 824039851 590
807052770 824039875 588
807052770 824040039 588
807052770 824040125 588
807052770 824040515 589
807052770 824040951 588
807052770 930626766 116
807052770 930626866 110
807052770 930626886 3
807052770 930626996 4
807052770 930627026 2
807052770 930627036 3
807052770 930627176 2
807052770 930627196 2
807052770 930627486 2
807052770 930627496 40
807052770 930627616 78
807052770 930627746 2
807052770 930627836 2
807052770 936423854 3
807052770 949601179 3
807052770 968561617 71
807052770 979517098 3
807052820 820743455 3
807052820 820743465 4
807052820 820743515 45
807052820 820905197 3
807052820 820905217 4
807052820 820905567 3
807052820 820905747 162
807052820 820905767 3
807052820 820905977 3
807052820 824038961 588
807052820 824038987 586
807052820 824039126 588
807052820 824039260 587
807052820 824039471 587
807052820 824039484 587
807052820 824039761 587
807052820 824039851 589
807052820 824039875 587
807052820 824040039 587
807052820 824040125 587
807052820 824040515 588
807052820 824040951 587
807052820 930626766 117
807052820 930626866 112
807052820 930626886 4
807052820 930626996 5
807052820 930627026 3
807052820 930627036 4
807052820 930627176 3
807052820 930627196 3
807052820 930627486 3
807052820 930627496 41
807052820 930627616 79
807052820 930627746 3
807052820 930627836 3
807052820 936423854 4
807052820 949601179 4
807052820 968561617 72
807052820 979517098 4
820743455 820743465 3
820743455 820743515 44
820743455 820905197 2
820743455 820905217 3
820743455 820905567 2
820743455 820905747 161
820743455 820905767 2
820743455 820905977 2
820743455 824038961 589
820743455 824038987 587
820743455 824039126 589
820743455 824039260 588
820743455 824039471 588
820743455 824039484 588
820743455 824039761 588
820743455 824039851 590
820743455 824039875 588
820743455 824040039 588
820743455 824040125 588
820743455 824040515 589
820743455 824040951 588
820743455 930626766 116
820743455 930626866 111
820743455 930626886 3
820743455 930626996 4
820743455 930627026 2
820743455 930627036 3
820743455 930627176 2
820743455 930627196 2
820743455 930627486 2
820743455 930627496 40
820743455 930627616 78
820743455 930627746 2
820743455 930627836 2
820743455 936423854 3
820743455 949601179 3
820743455 968561617 71
820743455 979517098 3
820743465 820743515 45
820743465 820905197 3
820743465 820905217 4
820743465 820905567 3
820743465 820905747 162
820743465 820905767 3
820743465 820905977 3
820743465 824038961 588
820743465 824038987 588
820743465 824039126 590
820743465 824039260 587
820743465 824039471 589
820743465 824039484 589
820743465 824039761 589
820743465 824039851 591
820743465 824039875 588
820743465 824040039 589
820743465 824040125 589
820743465 824040515 588
820743465 824040951 589
820743465 930626766 116
820743465 930626866 112
820743465 930626886 4
820743465 930626996 5
820743465 930627026 3
820743465 930627036 4
820743465 930627176 3
820743465 930627196 3
820743465 930627486 3
820743465 930627496 41
820743465 930627616 79
820743465 930627746 3
820743465 930627836 3
820743465 936423854 2
820743465 949601179 4
820743465 968561617 72
820743465 979517098 2
820743515 820905197 44
820743515 820905217 45
820743515 820905567 44
820743515 820905747 203
820743515 820905767 44
820743515 820905977 44
820743515 824038961 596
820743515 824038987 594
820743515 824039126 596
820743515 824039260 595
820743515 824039471 595
820743515 824039484 595
820743515 824039761 595
820743515 824039851 597
820743515 824039875 595
820743515 824040039 595
820743515 824040125 595
820743515 824040515 596
820743515 824040951 594
820743515 930626766 158
820743515 930626866 153
820743515 930626886 45
820743515 930626996 46
820743515 930627026 44
820743515 930627036 45
820743515 930627176 44
820743515 930627196 44
820743515 930627486 44
820743515 930627496 82
820743515 930627616 94
820743515 930627746 44
820743515 930627836 44
820743515 936423854 45
820743515 949601179 45
820743515 968561617 113
820743515 979517098 45
820905197 820905217 3
820905197 820905567 2
820905197 820905747 161
820905197 820905767 2
820905197 820905977 2
820905197 824038961 589
820905197 824038987 587
820905197 824039126 589
820905197 824039260 588
820905197 824039471 588
820905197 824039484 588
820905197 824039761 588
820905197 824039851 590
820905197 824039875 588
820905197 824040039 588
820905197 824040125 588
820905197 824040515 589
820905197 824040951 588
820905197 930626766 116
820905197 930626866 110
820905197 930626886 3
820905197 930626996 4
820905197 930627026 2
820905197 930627036 3
820905197 930627176 2
820905197 930627196 2
820905197 930627486 2
820905197 930627496 40
820905197 930627616 78
820905197 930627746 2
820905197 930627836 2
820905197 936423854 3
820905197 949601179 3
820905197 968561617 71
820905197 979517098 3
820905217 820905567 3
820905217 820905747 161
820905217 820905767 3
820905217 820905977 3
820905217 824038961 589
820905217 824038987 587
820905217 824039126 589
820905217 824039260 588
820905217 824039471 588
820905217 824039484 588
820905217 824039761 588
820905217 824039851 590
820905217 824039875 588
820905217 824040039 588
820905217 824040125 588
820905217 824040515 589
820905217 824040951 588
820905217 930626766 117
820905217 930626866 112
820905217 930626886 4
820905217 930626996 5
820905217 930627026 3
820905217 930627036 4
820905217 930627176 3
820905217 930627196 3
820905217 930627486 3
820905217 930627496 41
820905217 930627616 79
820905217 930627746 3
820905217 930627836 3
820905217 936423854 4
820905217 949601179 4
820905217 968561617 72
820905217 979517098 4
820905567 820905747 161
820905567 820905767 2
820905567 820905977 2
820905567 824038961 589
820905567 824038987 587
820905567 824039126 589
820905567 824039260 588
820905567 824039471 588
820905567 824039484 588
820905567 824039761 588
820905567 824039851 590
820905567 824039875 588
820905567 824040039 588
820905567 824040125 588
820905567 824040515 589
820905567 824040951 588
820905567 930626766 116
820905567 930626866 111
820905567 930626886 3
820905567 930626996 4
820905567 930627026 2
820905567 930627036 3
820905567 930627176 2
820905567 930627196 2
820905567 930627486 2
820905567 930627496 40
820905567 930627616 78
820905567 930627746 2
820905567 930627836 2
820905567 936423854 3
820905567 949601179 3
820905567 968561617 71
820905567 979517098 3
820905747 820905767 161
820905747 820905977 161
820905747 824038961 588
820905747 824038987 586
820905747 824039126 588
820905747 824039260 587
820905747 824039471 587
820905747 824039484 587
820905747 824039761 587
820905747 824039851 589
820905747 824039875 587
820905747 824040039 587
820905747 824040125 587
820905747 824040515 588
820905747 824040951 587
820905747 930626766 275
820905747 930626866 266
820905747 930626886 162
820905747 930626996 162
820905747 930627026 161
820905747 930627036 162
820905747 930627176 161
820905747 930627196 161
820905747 930627486 161
820905747 930627496 137
820905747 930627616 151
820905747 930627746 161
820905747 930627836 161
820905747 936423854 162
820905747 949601179 162
820905747 968561617 170
820905747 979517098 162
820905767 820905977 2
820905767 824038961 589
820905767 824038987 587
820905767 824039126 589
820905767 824039260 588
820905767 824039471 588
820905767 824039484 588
820905767 824039761 588
820905767 824039851 590
820905767 824039875 588
820905767 824040039 588
820905767 824040125 588
820905767 824040515 589
820905767 824040951 588
820905767 930626766 116
820905767 930626866 111
820905767 930626886 3
820905767 930626996 4
820905767 930627026 2
820905767 930627036 3
820905767 930627176 2
820905767 930627196 2
820905767 930627486 2
820905767 930627496 40
820905767 930627616 78
820905767 930627746 2
820905767 930627836 2
820905767 936423854 3
820905767 949601179 3
820905767 968561617 71
820905767 979517098 3
820905977 824038961 588
820905977 824038987 586
820905977 824039126 588
820905977 824039260 587
820905977 824039471 587
820905977 824039484 587
820905977 824039761 587
820905977 824039851 589
820905977 824039875 587
820905977 824040039 587
820905977 824040125 587
820905977 824040515 588
820905977 824040951 587
820905977 930626766 116
820905977 930626866 111
820905977 930626886 3
820905977 930626996 4
820905977 930627026 2
820905977 930627036 3
820905977 930627176 2
820905977 930627196 2
820905977 930627486 2
820905977 930627496 40
820905977 930627616 78
820905977 930627746 2
820905977 930627836 2
820905977 936423854 3
820905977 949601179 3
820905977 968561617 71
820905977 979517098 3
824038961 824038987 3
824038961 824039126 4
824038961 824039260 2
824038961 824039471 3
824038961 824039484 3
824038961 824039761 3
824038961 824039851 5
824038961 824039875 3
824038961 824040039 4
824038961 824040125 3
824038961 824040515 2
824038961 824040951 3
824038961 930626766 627
824038961 930626866 685
824038961 930626886 589
824038961 930626996 589
824038961 930627026 589
824038961 930627036 589
824038961 930627176 588
824038961 930627196 589
824038961 930627486 589
824038961 930627496 588
824038961 930627616 598
824038961 930627746 589
824038961 930627836 588
824038961 936423854 587
824038961 949601179 589
824038961 968561617 589
824038961 979517098 588
824038987 824039126 3
824038987 824039260 3
824038987 824039471 2
824038987 824039484 2
824038987 824039761 2
824038987 824039851 4
824038987 824039875 2
824038987 824040039 3
824038987 824040125 2
824038987 824040515 3
824038987 824040951 2
824038987 930626766 625
824038987 930626866 683
824038987 930626886 587
824038987 930626996 587
824038987 930627026 587
824038987 930627036 587
824038987 930627176 586
824038987 930627196 587
824038987 930627486 587
824038987 930627496 586
824038987 930627616 596
824038987 930627746 587
824038987 930627836 586
824038987 936423854 587
824038987 949601179 587
824038987 968561617 587
824038987 979517098 588
824039126 824039260 4
824039126 824039471 3
824039126 824039484 3
824039126 824039761 3
824039126 824039851 5
824039126 824039875 3
824039126 824040039 4
824039126 824040125 1
824039126 824040515 4
824039126 824040951 3
824039126 930626766 627
824039126 930626866 685
824039126 930626886 589
824039126 930626996 589
824039126 930627026 589
824039126 930627036 589
824039126 930627176 588
824039126 930627196 589
824039126 930627486 589
824039126 930627496 588
824039126 930627616 598
824039126 930627746 589
824039126 930627836 588
824039126 936423854 589
824039126 949601179 589
824039126 968561617 589
824039126 979517098 590
824039260 824039471 3
824039260 824039484 3
824039260 824039761 3
824039260 824039851 5
824039260 824039875 3
824039260 824040039 4
824039260 824040125 3
824039260 824040515 2
824039260 824040951 3
824039260 930626766 626
824039260 930626866 684
824039260 930626886 588
824039260 930626996 588
824039260 930627026 588
824039260 930627036 588
824039260 930627176 587
824039260 930627196 588
824039260 930627486 588
824039260 930627496 587
824039260 930627616 597
824039260 930627746 588
824039260 930627836 587
824039260 936423854 586
824039260 949601179 588
824039260 968561617 588
824039260 979517098 587
824039471 824039484 2
824039471 824039761 2
824039471 824039851 4
824039471 824039875 2
824039471 824040039 3
824039471 824040125 2
824039471 824040515 3
824039471 824040951 2
824039471 930626766 626
824039471 930626866 684
824039471 930626886 588
824039471 930626996 588
824039471 930627026 588
824039471 930627036 588
824039471 930627176 587
824039471 930627196 588
824039471 930627486 588
824039471 930627496 587
824039471 930627616 597
824039471 930627746 588
824039471 930627836 587
824039471 936423854 588
824039471 949601179 588
824039471 968561617 588
824039471 979517098 589
824039484 824039761 2
824039484 824039851 4
824039484 824039875 2
824039484 824040039 3
824039484 824040125 2
824039484 824040515 3
824039484 824040951 2
824039484 930626766 625
824039484 930626866 684
824039484 930626886 588
824039484 930626996 588
824039484 930627026 588
824039484 930627036 588
824039484 930627176 587
824039484 930627196 588
824039484 930627486 588
824039484 930627496 587
824039484 930627616 597
824039484 930627746 588
824039484 930627836 587
824039484 936423854 588
824039484 949601179 588
824039484 968561617 588
824039484 979517098 589
824039761 824039851 4
824039761 824039875 2
824039761 824040039 1
824039761 824040125 2
824039761 824040515 3
824039761 824040951 2
824039761 930626766 626
824039761 930626866 684
824039761 930626886 588
824039761 930626996 588
824039761 930627026 588
824039761 930627036 588
824039761 930627176 587
824039761 930627196 588
824039761 930627486 588
824039761 930627496 587
824039761 930627616 597
824039761 930627746 588
824039761 930627836 587
824039761 936423854 588
824039761 949601179 588
824039761 968561617 588
824039761 979517098 589
824039851 824039875 4
824039851 824040039 5
824039851 824040125 4
824039851 824040515 5
824039851 824040951 4
824039851 930626766 627
824039851 930626866 686
824039851 930626886 590
824039851 930626996 590
824039851 930627026 590
824039851 930627036 590
824039851 930627176 589
824039851 930627196 590
824039851 930627486 590
824039851 930627496 589
824039851 930627616 599
824039851 930627746 590
824039851 930627836 589
824039851 936423854 590
824039851 949601179 590
824039851 968561617 590
824039851 979517098 591
824039875 824040039 3
824039875 824040125 2
824039875 824040515 3
824039875 824040951 2
824039875 930626766 626
824039875 930626866 684
824039875 930626886 588
824039875 930626996 588
824039875 930627026 588
824039875 930627036 588
824039875 930627176 587
824039875 930627196 588
824039875 930627486 588
824039875 930627496 587
824039875 930627616 597
824039875 930627746 588
824039875 930627836 587
824039875 936423854 588
824039875 949601179 588
824039875 968561617 588
824039875 979517098 589
824040039 824040125 3
824040039 824040515 4
824040039 824040951 3
824040039 930626766 626
824040039 930626866 684
824040039 930626886 588
824040039 930626996 588
824040039 930627026 588
824040039 930627036 588
824040039 930627176 587
824040039 930627196 588
824040039 930627486 588
824040039 930627496 587
824040039 930627616 598
824040039 930627746 588
824040039 930627836 587
824040039 936423854 588
824040039 949601179 588
824040039 968561617 588
824040039 979517098 589
824040125 824040515 3
824040125 824040951 2
824040125 930626766 626
824040125 930626866 684
824040125 930626886 588
824040125 930626996 588
824040125 930627026 588
824040125 930627036 588
824040125 930627176 587
824040125 930627196 588
824040125 930627486 588
824040125 930627496 587
824040125 930627616 597
824040125 930627746 588
824040125 930627836 587
824040125 936423854 588
824040125 949601179 588
824040125 968561617 588
824040125 979517098 589
824040515 824040951 3
824040515 930626766 627
824040515 930626866 685
824040515 930626886 589
824040515 930626996 589
824040515 930627026 589
824040515 930627036 589
824040515 930627176 588
824040515 930627196 589
824040515 930627486 589
824040515 930627496 588
824040515 930627616 598
824040515 930627746 589
824040515 930627836 588
824040515 936423854 587
824040515 949601179 589
824040515 968561617 589
824040515 979517098 588
824040951 930626766 626
824040951 930626866 684
824040951 930626886 588
824040951 930626996 588
824040951 930627026 588
824040951 930627036 588
824040951 930627176 587
824040951 930627196 588
824040951 930627486 588
824040951 930627496 587
824040951 930627616 595
824040951 930627746 588
824040951 930627836 587
824040951 936423854 588
824040951 949601179 587
824040951 968561617 588
824040951 979517098 589
930626766 930626866 225
930626766 930626886 117
930626766 930626996 118
930626766 930627026 116
930626766 930627036 117
930626766 930627176 116
930626766 930627196 116
930626766 930627486 116
930626766 930627496 154
930626766 930627616 192
930626766 930627746 116
930626766 930627836 116
930626766 936423854 117
930626766 949601179 117
930626766 968561617 185
930626766 979517098 117
930626866 930626886 112
930626866 930626996 112
930626866 930627026 111
930626866 930627036 112
930626866 930627176 111
930626866 930627196 111
930626866 930627486 110
930626866 930627496 145
930626866 930627616 183
930626866 930627746 111
930626866 930627836 111
930626866 936423854 112
930626866 949601179 111
930626866 968561617 180
930626866 979517098 112
930626886 930626996 5
930626886 930627026 3
930626886 930627036 4
930626886 930627176 3
930626886 930627196 3
930626886 930627486 3
930626886 930627496 41
930626886 930627616 79
930626886 930627746 3
930626886 930627836 3
930626886 936423854 4
930626886 949601179 4
930626886 968561617 71
930626886 979517098 4
930626996 930627026 4
930626996 930627036 5
930626996 930627176 4
930626996 930627196 4
930626996 930627486 4
930626996 930627496 42
930626996 930627616 80
930626996 930627746 4
930626996 930627836 4
930626996 936423854 5
930626996 949601179 5
930626996 968561617 73
930626996 979517098 5
930627026 930627036 3
930627026 930627176 2
930627026 930627196 2
930627026 930627486 2
930627026 930627496 40
930627026 930627616 78
930627026 930627746 2
930627026 930627836 2
930627026 936423854 3
930627026 949601179 3
930627026 968561617 71
930627026 979517098 3
930627036 930627176 3
930627036 930627196 3
930627036 930627486 3
930627036 930627496 41
930627036 930627616 79
930627036 930627746 3
930627036 930627836 3
930627036 936423854 4
930627036 949601179 4
930627036 968561617 72
930627036 979517098 4
930627176 930627196 2
930627176 930627486 2
930627176 930627496 40
930627176 930627616 78
930627176 930627746 2
930627176 930627836 2
930627176 936423854 3
930627176 949601179 3
930627176 968561617 71
930627176 979517098 3
930627196 930627486 2
930627196 930627496 40
930627196 930627616 78
930627196 930627746 2
930627196 930627836 2
930627196 936423854 3
930627196 949601179 3
930627196 968561617 71
930627196 979517098 3
930627486 930627496 40
930627486 930627616 78
930627486 930627746 2
930627486 930627836 2
930627486 936423854 3
930627486 949601179 3
930627486 968561617 71
930627486 979517098 3
930627496 930627616 65
930627496 930627746 40
930627496 930627836 40
930627496 936423854 41
930627496 949601179 41
930627496 968561617 109
930627496 979517098 41
930627616 930627746 78
930627616 930627836 78
930627616 936423854 79
930627616 949601179 79
930627616 968561617 147
930627616 979517098 79
930627746 930627836 2
930627746 936423854 3
930627746 949601179 3
930627746 968561617 71
930627746 979517098 3
930627836 936423854 3
930627836 949601179 3
930627836 968561617 69
930627836 979517098 3
936423854 949601179 4
936423854 968561617 72
936423854 979517098 2
949601179 968561617 72
949601179 979517098 4
968561617 979517098 72